interaE	ValidationSet	5484.351980	0.014480	0.007610	0.014540	0.025060	0
interaE	ValidationSet	4953.963020	0.004040	0.000460	0.001850	0.006810	1
interaE	ValidationSet	4316.226460	0.006560	0.000430	0.003880	0.014090	2
interaE	ValidationSet	3885.891360	0.026810	0.012230	0.022700	0.058310	3
interaE	ValidationSet	3285.985740	0.063220	0.035130	0.067380	0.116000	4
interaE	ValidationSet	2297.067610	0.108790	0.073370	0.119220	0.172200	5
interaE	ValidationSet	1728.837720	0.133830	0.089880	0.144400	0.218050	6
interaE	ValidationSet	1060.222610	0.179950	0.128970	0.191990	0.278870	7
interaE	ValidationSet	808.792220	0.200390	0.143570	0.216600	0.312150	8
interaE	ValidationSet	663.888850	0.207910	0.146020	0.226030	0.329430	9
interaE	ValidationSet	519.288450	0.230040	0.166640	0.248870	0.355490	10
interaE	ValidationSet	463.963960	0.235010	0.167720	0.255180	0.367860	11
interaE	ValidationSet	383.474420	0.248910	0.179640	0.271540	0.384120	12
interaE	ValidationSet	356.396490	0.259130	0.189540	0.279730	0.395580	13
interaE	ValidationSet	331.709010	0.265930	0.193410	0.289620	0.406590	14
interaE	ValidationSet	304.664530	0.271000	0.196980	0.295470	0.416080	15
interaE	ValidationSet	297.453120	0.276260	0.199890	0.300140	0.424040	16
interaE	ValidationSet	274.697060	0.282220	0.206360	0.306300	0.432930	17
interaE	ValidationSet	281.995810	0.283880	0.206100	0.309270	0.436180	18
interaE	ValidationSet	261.669430	0.288250	0.208930	0.315230	0.443140	19
interaE	ValidationSet	255.126550	0.289810	0.210660	0.316540	0.443540	20
interaE	ValidationSet	260.025010	0.295060	0.215830	0.321130	0.451470	21
interaE	ValidationSet	264.836040	0.296690	0.216420	0.322500	0.456260	22
interaE	ValidationSet	251.225720	0.300920	0.220730	0.327720	0.459110	23
interaE	ValidationSet	243.195720	0.304050	0.224070	0.330200	0.461190	24
interaE	ValidationSet	241.796150	0.306660	0.226180	0.332310	0.466300	25
interaE	ValidationSet	238.046450	0.308820	0.227740	0.334500	0.470370	26
interaE	ValidationSet	226.688480	0.308770	0.226950	0.335040	0.473000	27
interaE	ValidationSet	235.882120	0.311400	0.229030	0.339460	0.476080	28
interaE	ValidationSet	229.136810	0.314990	0.231080	0.344170	0.480640	29
interaE	ValidationSet	236.457770	0.314330	0.231000	0.343400	0.479270	30
interaE	ValidationSet	229.478410	0.316840	0.232880	0.345910	0.484920	31
interaE	ValidationSet	223.666500	0.319150	0.235190	0.348900	0.486680	32
interaE	ValidationSet	230.344600	0.317760	0.234160	0.346110	0.485200	33
interaE	ValidationSet	221.219300	0.320930	0.236180	0.349620	0.490050	34
interaE	ValidationSet	224.366040	0.323550	0.238980	0.352690	0.492300	35
interaE	ValidationSet	228.919760	0.323960	0.239780	0.352500	0.493980	36
interaE	ValidationSet	218.684970	0.326200	0.242030	0.353350	0.493010	37
interaE	ValidationSet	218.870060	0.325410	0.240690	0.354610	0.495150	38
interaE	ValidationSet	218.149470	0.326160	0.241520	0.354260	0.495750	39
interaE	ValidationSet	219.571540	0.326290	0.241570	0.355200	0.496040	40
interaE	ValidationSet	217.749360	0.328520	0.244170	0.357970	0.497860	41
interaE	ValidationSet	214.280840	0.330580	0.246220	0.358450	0.501030	42
interaE	ValidationSet	218.237210	0.330100	0.244280	0.361450	0.502450	43
interaE	ValidationSet	220.389960	0.331110	0.245790	0.361110	0.501970	44
interaE	ValidationSet	212.519670	0.331050	0.245880	0.359790	0.504930	45
interaE	ValidationSet	213.268550	0.333060	0.247080	0.362620	0.505300	46
interaE	ValidationSet	216.521840	0.330950	0.244680	0.360650	0.504360	47
interaE	ValidationSet	212.187600	0.333280	0.246140	0.363640	0.509240	48
interaE	ValidationSet	214.895240	0.333700	0.248190	0.362960	0.506240	49
interaE	ValidationSet	215.370770	0.335890	0.249700	0.367470	0.509100	50
interaE	ValidationSet	213.017190	0.333660	0.246790	0.364810	0.507210	51
interaE	ValidationSet	211.731420	0.335880	0.248700	0.366440	0.513540	52
interaE	ValidationSet	208.092420	0.336810	0.250100	0.367350	0.513170	53
interaE	ValidationSet	209.884570	0.335720	0.248960	0.366950	0.510490	54
interaE	ValidationSet	208.821530	0.339990	0.253040	0.370890	0.514230	55
interaE	ValidationSet	210.148990	0.339010	0.251840	0.369950	0.514860	56
interaE	ValidationSet	206.181040	0.337170	0.249960	0.368780	0.512430	57
interaE	ValidationSet	209.803280	0.338030	0.250300	0.370200	0.513890	58
interaE	ValidationSet	210.072280	0.341080	0.253210	0.373050	0.517450	59
interaE	ValidationSet	206.960080	0.341020	0.254580	0.370940	0.516200	60
interaE	ValidationSet	211.359790	0.340630	0.251950	0.373200	0.518020	61
interaE	ValidationSet	208.843630	0.341620	0.253890	0.372310	0.518620	62
interaE	ValidationSet	209.903930	0.340960	0.253460	0.373110	0.518140	63
interaE	ValidationSet	211.898770	0.341790	0.254750	0.372830	0.517650	64
interaE	ValidationSet	210.898200	0.343210	0.254980	0.377270	0.519280	65
interaE	ValidationSet	212.590110	0.341440	0.253610	0.374420	0.517170	66
interaE	ValidationSet	210.212750	0.341730	0.254290	0.374280	0.517560	67
interaE	ValidationSet	210.873280	0.340800	0.254010	0.372200	0.516310	68
interaE	ValidationSet	215.031220	0.342790	0.255150	0.374850	0.520420	69
interaE	ValidationSet	206.455400	0.342450	0.254580	0.375850	0.520070	70
interaE	ValidationSet	209.245820	0.343890	0.256230	0.376050	0.519790	71
interaE	ValidationSet	209.463930	0.344190	0.255860	0.377270	0.523180	72
interaE	ValidationSet	214.536160	0.342770	0.254800	0.373880	0.521670	73
interaE	ValidationSet	209.932110	0.344270	0.256520	0.375760	0.521760	74
interaE	ValidationSet	208.416200	0.346850	0.259450	0.379900	0.522580	75
interaE	ValidationSet	207.873170	0.345670	0.258030	0.377790	0.521020	76
interaE	ValidationSet	211.856320	0.344970	0.257260	0.377670	0.521500	77
interaE	ValidationSet	208.016030	0.348170	0.261220	0.379580	0.523040	78
interaE	ValidationSet	216.549560	0.345240	0.256720	0.377760	0.525460	79
interaE	ValidationSet	213.547760	0.343850	0.255000	0.376850	0.520160	80
interaE	ValidationSet	214.485660	0.346440	0.257200	0.379810	0.526380	81
interaE	ValidationSet	211.303820	0.346540	0.257260	0.381270	0.525090	82
interaE	ValidationSet	219.879040	0.345170	0.256430	0.379160	0.523300	83
interaE	ValidationSet	211.865470	0.346910	0.257570	0.379500	0.525120	84
interaE	ValidationSet	214.492640	0.346640	0.258650	0.379810	0.522640	85
interaE	ValidationSet	215.201430	0.347510	0.258430	0.381240	0.526010	86
interaE	ValidationSet	210.443910	0.348070	0.259850	0.380640	0.525890	87
interaE	ValidationSet	209.966150	0.348750	0.259600	0.382690	0.527430	88
interaE	ValidationSet	212.704620	0.350380	0.263020	0.383030	0.526490	89
interaE	ValidationSet	215.313770	0.347820	0.259740	0.380610	0.524920	90
interaE	ValidationSet	209.986800	0.349420	0.259820	0.384170	0.527740	91
interaE	ValidationSet	209.024350	0.348230	0.258880	0.381070	0.528910	92
interaE	ValidationSet	215.238750	0.347550	0.258200	0.381550	0.526180	93
interaE	ValidationSet	214.628120	0.349640	0.261160	0.382580	0.528830	94
interaE	ValidationSet	211.867890	0.347810	0.259140	0.380500	0.525490	95
interaE	ValidationSet	211.493950	0.349320	0.261360	0.380640	0.528890	96
interaE	ValidationSet	209.898970	0.350160	0.261330	0.383120	0.528340	97
interaE	ValidationSet	211.586910	0.349970	0.260080	0.383970	0.531080	98
interaE	ValidationSet	218.381550	0.349590	0.260990	0.382780	0.527320	99
interaE	ValidationSet	214.402620	0.350040	0.261620	0.382860	0.529280	100
interaE	ValidationSet	211.789960	0.350520	0.262620	0.381180	0.528310	101
interaE	ValidationSet	212.306330	0.351050	0.263100	0.383350	0.529740	102
interaE	ValidationSet	213.315480	0.349860	0.261790	0.381950	0.528120	103
interaE	ValidationSet	215.204650	0.351690	0.263050	0.385660	0.531420	104
interaE	ValidationSet	214.053440	0.350350	0.261990	0.384090	0.527260	105
interaE	ValidationSet	217.072570	0.351550	0.262670	0.384460	0.528370	106
interaE	ValidationSet	208.432310	0.350750	0.261510	0.383750	0.530480	107
interaE	ValidationSet	209.212230	0.350550	0.261450	0.383630	0.530510	108
interaE	ValidationSet	214.079840	0.351460	0.262620	0.385060	0.529540	109
interaE	ValidationSet	210.753980	0.350190	0.260940	0.382520	0.530970	110
interaE	ValidationSet	215.457680	0.350580	0.262670	0.383010	0.529260	111
interaE	ValidationSet	214.835440	0.351210	0.261930	0.383460	0.532220	112
interaE	ValidationSet	213.316200	0.352430	0.263700	0.387000	0.529570	113
interaE	ValidationSet	213.832930	0.352030	0.264070	0.384430	0.530370	114
interaE	ValidationSet	217.073850	0.351130	0.262900	0.382580	0.530200	115
interaE	ValidationSet	215.788390	0.352290	0.262930	0.386000	0.532530	116
interaE	ValidationSet	210.090050	0.351450	0.262080	0.385030	0.532360	117
interaE	ValidationSet	214.183890	0.351100	0.261820	0.383400	0.532880	118
interaE	ValidationSet	213.640150	0.351740	0.263050	0.383860	0.532910	119
interaE	ValidationSet	213.645110	0.352340	0.262850	0.386170	0.532080	120
interaE	ValidationSet	215.918650	0.352710	0.263190	0.386630	0.531960	121
interaE	ValidationSet	213.923470	0.352510	0.264810	0.383290	0.531140	122
interaE	ValidationSet	221.766780	0.352990	0.264010	0.385320	0.533450	123
interaE	ValidationSet	217.445250	0.353110	0.264610	0.386200	0.531790	124
interaE	ValidationSet	215.561480	0.351850	0.262670	0.384690	0.533500	125
interaE	ValidationSet	213.724810	0.350430	0.261450	0.385030	0.529400	126
interaE	ValidationSet	211.794980	0.353360	0.263840	0.387400	0.534470	127
interaE	ValidationSet	213.311460	0.351910	0.263240	0.383750	0.529260	128
interaE	ValidationSet	214.705730	0.353340	0.264470	0.385230	0.532530	129
interaE	ValidationSet	221.467440	0.352400	0.264190	0.384490	0.531820	130
interaE	ValidationSet	214.110290	0.353640	0.264360	0.386970	0.534560	131
interaE	ValidationSet	217.238270	0.353390	0.264040	0.387480	0.532910	132
interaE	ValidationSet	213.860990	0.353430	0.264730	0.384970	0.533330	133
interaE	ValidationSet	210.208010	0.354680	0.264980	0.388510	0.535760	134
interaE	ValidationSet	211.445280	0.354680	0.265360	0.388450	0.533020	135
interaE	ValidationSet	216.798920	0.353520	0.264470	0.386800	0.532420	136
interaE	ValidationSet	216.509670	0.353990	0.263960	0.388710	0.532360	137
interaE	ValidationSet	215.061050	0.354100	0.263670	0.389560	0.533500	138
interaE	ValidationSet	216.975710	0.354210	0.265240	0.388420	0.532140	139
interaE	ValidationSet	210.370400	0.353740	0.265380	0.385400	0.531940	140
interaE	ValidationSet	215.587340	0.353210	0.264640	0.385030	0.532250	141
interaE	ValidationSet	214.716030	0.353410	0.263960	0.387140	0.533330	142
interaE	ValidationSet	217.353260	0.354540	0.266150	0.386680	0.531710	143
interaE	ValidationSet	214.905900	0.355560	0.267410	0.386680	0.533880	144
interaE	ValidationSet	213.853950	0.351870	0.263560	0.384550	0.530970	145
interaE	ValidationSet	217.637980	0.354000	0.266070	0.385940	0.530770	146
interaE	ValidationSet	216.072570	0.355220	0.265640	0.388850	0.535670	147
interaE	ValidationSet	216.839460	0.354150	0.264040	0.388650	0.533530	148
interaE	ValidationSet	214.984060	0.354700	0.265670	0.387310	0.534620	149
interaE	ValidationSet	215.840580	0.355240	0.266580	0.386940	0.535070	150
interaE	ValidationSet	219.833220	0.354110	0.265840	0.385510	0.533190	151
interaE	ValidationSet	219.458630	0.354820	0.266270	0.386910	0.533900	152
interaE	ValidationSet	218.082150	0.355850	0.267320	0.389140	0.534960	153
interaE	ValidationSet	216.269180	0.354520	0.265950	0.387030	0.534250	154
interaE	ValidationSet	220.482440	0.355240	0.267010	0.387800	0.532850	155
interaE	ValidationSet	217.691930	0.354390	0.265270	0.387170	0.533900	156
interaE	ValidationSet	210.579670	0.357740	0.268860	0.390390	0.536930	157
interaE	ValidationSet	219.222780	0.356490	0.267490	0.388990	0.536040	158
interaE	ValidationSet	217.007640	0.354440	0.266320	0.386230	0.531540	159
interaE	ValidationSet	216.303540	0.353830	0.264470	0.385970	0.532590	160
interaE	ValidationSet	214.163390	0.355840	0.266810	0.389310	0.534130	161
interaE	ValidationSet	218.620100	0.355550	0.266720	0.388050	0.534590	162
interaE	ValidationSet	218.122610	0.354520	0.265870	0.388200	0.531850	163
interaE	ValidationSet	215.880700	0.355720	0.266380	0.388510	0.536560	164
interaE	ValidationSet	216.047500	0.354510	0.265180	0.387710	0.535730	165
interaE	ValidationSet	218.411490	0.351200	0.261510	0.385910	0.529830	166
interaE	ValidationSet	215.324580	0.355450	0.266780	0.388000	0.535470	167
interaE	ValidationSet	211.925120	0.356900	0.267070	0.390020	0.537470	168
interaE	ValidationSet	218.244250	0.355180	0.265840	0.388200	0.534330	169
interaE	ValidationSet	217.304310	0.353770	0.264410	0.387080	0.533680	170
interaE	ValidationSet	220.789620	0.354720	0.265730	0.388080	0.533900	171
interaE	ValidationSet	220.589560	0.353600	0.264560	0.387050	0.532220	172
interaE	ValidationSet	217.588940	0.355570	0.266240	0.389390	0.535070	173
interaE	ValidationSet	215.689050	0.354950	0.265900	0.387910	0.534050	174
interaE	ValidationSet	222.845250	0.354430	0.264760	0.388620	0.532760	175
interaE	ValidationSet	218.442260	0.354200	0.264270	0.388420	0.533530	176
interaE	ValidationSet	216.303220	0.355820	0.266520	0.388620	0.533900	177
interaE	ValidationSet	221.672080	0.355120	0.265440	0.388650	0.534820	178
interaE	ValidationSet	222.403140	0.354490	0.264900	0.386710	0.534990	179
interaE	ValidationSet	222.564780	0.354930	0.265210	0.387570	0.534840	180
interaE	ValidationSet	217.179210	0.357720	0.268180	0.392760	0.539350	181
interaE	ValidationSet	221.041830	0.357140	0.268890	0.387340	0.536500	182
interaE	ValidationSet	242.431390	0.355840	0.265750	0.390700	0.537070	183
interaE	ValidationSet	226.876160	0.351840	0.260990	0.386150	0.532270	183
interaE	ValidationSet	5695.624120	0.006260	0.002250	0.005530	0.012120	0
interaE	ValidationSet	5152.244370	0.013460	0.008840	0.012150	0.019330	1
interaE	ValidationSet	4342.682460	0.012320	0.005300	0.009720	0.021330	2
interaE	ValidationSet	3813.277500	0.037050	0.019450	0.035840	0.069920	3
interaE	ValidationSet	2987.917820	0.077000	0.046450	0.083920	0.133700	4
interaE	ValidationSet	1807.127490	0.125230	0.084170	0.134560	0.204850	5
interaE	ValidationSet	1426.688570	0.154860	0.109380	0.164500	0.247700	6
interaE	ValidationSet	974.646760	0.183370	0.128740	0.199140	0.288510	7
interaE	ValidationSet	749.060190	0.206960	0.148870	0.223520	0.319420	8
interaE	ValidationSet	599.459050	0.217510	0.156660	0.234160	0.337670	9
interaE	ValidationSet	499.892670	0.229060	0.165980	0.247850	0.351870	10
interaE	ValidationSet	417.151180	0.244220	0.177470	0.264700	0.373510	11
interaE	ValidationSet	378.426750	0.249850	0.179780	0.272480	0.386460	12
interaE	ValidationSet	338.369380	0.259840	0.188020	0.283060	0.399400	13
interaE	ValidationSet	314.564870	0.264490	0.189730	0.290760	0.407410	14
interaE	ValidationSet	282.400480	0.271240	0.195840	0.296210	0.418650	15
interaE	ValidationSet	276.356630	0.275840	0.200170	0.301060	0.425210	16
interaE	ValidationSet	264.585490	0.282370	0.205220	0.307130	0.435560	17
interaE	ValidationSet	254.124660	0.283310	0.204700	0.309120	0.437900	18
interaE	ValidationSet	245.601030	0.291610	0.212320	0.318250	0.449220	19
interaE	ValidationSet	240.659000	0.293250	0.213600	0.319700	0.451550	20
interaE	ValidationSet	234.712660	0.298390	0.218530	0.323440	0.458140	21
interaE	ValidationSet	225.868290	0.299790	0.219050	0.327060	0.459820	22
interaE	ValidationSet	222.952410	0.302050	0.221040	0.328740	0.464640	23
interaE	ValidationSet	221.589910	0.305680	0.225060	0.332140	0.465730	24
interaE	ValidationSet	219.129340	0.306180	0.225580	0.331960	0.467410	25
interaE	ValidationSet	216.196010	0.311200	0.230280	0.337210	0.472540	26
interaE	ValidationSet	218.388390	0.313300	0.231790	0.339550	0.475480	27
interaE	ValidationSet	211.926400	0.312410	0.229850	0.340400	0.477730	28
interaE	ValidationSet	206.862480	0.313340	0.229740	0.340750	0.480580	29
interaE	ValidationSet	209.350980	0.317300	0.234360	0.345650	0.483920	30
interaE	ValidationSet	205.645570	0.320470	0.236900	0.349270	0.489050	31
interaE	ValidationSet	210.565610	0.318700	0.236100	0.345590	0.485740	32
interaE	ValidationSet	201.501080	0.319940	0.235730	0.348620	0.489190	33
interaE	ValidationSet	202.892840	0.319940	0.235070	0.349240	0.489390	34
interaE	ValidationSet	204.698200	0.322660	0.237040	0.353210	0.493840	35
interaE	ValidationSet	200.482750	0.323810	0.239440	0.353290	0.494040	36
interaE	ValidationSet	201.296440	0.324460	0.240150	0.352670	0.493730	37
interaE	ValidationSet	204.289110	0.325650	0.240750	0.355060	0.496040	38
interaE	ValidationSet	200.835700	0.326960	0.241290	0.356940	0.497920	39
interaE	ValidationSet	198.247560	0.326820	0.241400	0.357490	0.499120	40
interaE	ValidationSet	198.906840	0.326080	0.240090	0.355520	0.499120	41
interaE	ValidationSet	197.391930	0.328160	0.242370	0.357570	0.503760	42
interaE	ValidationSet	193.480580	0.330050	0.244110	0.359790	0.501820	43
interaE	ValidationSet	193.547310	0.330440	0.244820	0.360050	0.503560	44
interaE	ValidationSet	193.604160	0.333670	0.248250	0.363360	0.505250	45
interaE	ValidationSet	195.621390	0.332300	0.245970	0.362790	0.505620	46
interaE	ValidationSet	191.185460	0.331620	0.245910	0.361190	0.505390	47
interaE	ValidationSet	193.354150	0.332480	0.246250	0.362590	0.505930	48
interaE	ValidationSet	192.011430	0.333570	0.245820	0.364530	0.509410	49
interaE	ValidationSet	192.373200	0.335540	0.247330	0.368120	0.512120	50
interaE	ValidationSet	191.069660	0.334940	0.248160	0.365640	0.510520	51
interaE	ValidationSet	191.237100	0.334130	0.247960	0.364360	0.508780	52
interaE	ValidationSet	192.486460	0.334900	0.247850	0.365180	0.509840	53
interaE	ValidationSet	190.156770	0.336490	0.249440	0.366840	0.512260	54
interaE	ValidationSet	191.167720	0.335330	0.247310	0.366210	0.513150	55
interaE	ValidationSet	191.579560	0.335770	0.248220	0.366010	0.512430	56
interaE	ValidationSet	192.232020	0.337640	0.250810	0.368920	0.514260	57
interaE	ValidationSet	189.539380	0.337900	0.250640	0.368720	0.513290	58
interaE	ValidationSet	188.097230	0.338640	0.250980	0.370260	0.515310	59
interaE	ValidationSet	193.866920	0.339390	0.252180	0.369350	0.516740	60
interaE	ValidationSet	191.415940	0.338990	0.251300	0.370400	0.515800	61
interaE	ValidationSet	190.786080	0.338690	0.251440	0.369950	0.516280	62
interaE	ValidationSet	186.235160	0.340570	0.253840	0.370230	0.516910	63
interaE	ValidationSet	192.446310	0.340690	0.252640	0.373310	0.518730	64
interaE	ValidationSet	190.502620	0.341500	0.254060	0.371260	0.518250	65
interaE	ValidationSet	187.995040	0.341490	0.252500	0.374420	0.518560	66
interaE	ValidationSet	188.629600	0.342260	0.253860	0.376080	0.519790	67
interaE	ValidationSet	191.194780	0.340990	0.254120	0.371060	0.518730	68
interaE	ValidationSet	188.367070	0.343320	0.255350	0.375710	0.520820	69
interaE	ValidationSet	186.613200	0.343110	0.253920	0.376960	0.522470	70
interaE	ValidationSet	187.072770	0.345070	0.257230	0.378360	0.521410	71
interaE	ValidationSet	189.190500	0.342050	0.253860	0.374850	0.518960	72
interaE	ValidationSet	184.779980	0.344060	0.255550	0.375820	0.522980	73
interaE	ValidationSet	193.150240	0.344030	0.256460	0.374220	0.520760	74
interaE	ValidationSet	188.026690	0.343870	0.255770	0.375110	0.521790	75
interaE	ValidationSet	188.641090	0.343260	0.254630	0.375140	0.521760	76
interaE	ValidationSet	188.978640	0.344020	0.255320	0.375650	0.525060	77
interaE	ValidationSet	188.618930	0.343520	0.255200	0.374820	0.522040	78
interaE	ValidationSet	187.287600	0.345100	0.256970	0.376330	0.523670	79
interaE	ValidationSet	185.456200	0.346220	0.257680	0.379040	0.525490	80
interaE	ValidationSet	187.530370	0.345400	0.257540	0.378980	0.522580	81
interaE	ValidationSet	189.635930	0.345740	0.258080	0.377330	0.524070	82
interaE	ValidationSet	189.088310	0.345370	0.256320	0.377700	0.524470	83
interaE	ValidationSet	188.970660	0.345930	0.256120	0.380670	0.526290	84
interaE	ValidationSet	187.140060	0.346900	0.257110	0.380180	0.529260	85
interaE	ValidationSet	185.574170	0.346510	0.257060	0.378700	0.528340	86
interaE	ValidationSet	187.491930	0.346930	0.259020	0.377330	0.526830	87
interaE	ValidationSet	186.588570	0.348240	0.260360	0.380580	0.525750	88
interaE	ValidationSet	188.724550	0.346950	0.258850	0.378470	0.525890	89
interaE	ValidationSet	186.124720	0.347400	0.259310	0.377930	0.524520	90
interaE	ValidationSet	185.586060	0.348480	0.259990	0.380610	0.527660	91
interaE	ValidationSet	191.966040	0.347880	0.259650	0.380130	0.523580	92
interaE	ValidationSet	191.475710	0.348230	0.259790	0.380700	0.525180	93
interaE	ValidationSet	189.001650	0.347330	0.259340	0.379160	0.523810	94
interaE	ValidationSet	185.179130	0.349540	0.260820	0.380270	0.530250	95
interaE	ValidationSet	186.395300	0.348390	0.259510	0.381270	0.528860	96
interaE	ValidationSet	186.377300	0.350030	0.261590	0.382380	0.528630	97
interaE	ValidationSet	186.108550	0.350280	0.261530	0.382830	0.528890	98
interaE	ValidationSet	188.343310	0.351880	0.263900	0.383320	0.530140	99
interaE	ValidationSet	185.765780	0.348720	0.260540	0.380350	0.527860	100
interaE	ValidationSet	183.125180	0.349860	0.261250	0.383260	0.528140	101
interaE	ValidationSet	187.798720	0.350620	0.262360	0.381980	0.527860	102
interaE	ValidationSet	185.851040	0.351610	0.263330	0.383010	0.530310	103
interaE	ValidationSet	183.719900	0.349990	0.261510	0.381980	0.529480	104
interaE	ValidationSet	185.965670	0.350090	0.261390	0.381040	0.528140	105
interaE	ValidationSet	189.261080	0.352710	0.264640	0.384860	0.528740	106
interaE	ValidationSet	186.670030	0.351040	0.262670	0.382120	0.528400	107
interaE	ValidationSet	189.537240	0.351750	0.262990	0.385460	0.530480	108
interaE	ValidationSet	183.341940	0.350610	0.260540	0.384920	0.531540	109
interaE	ValidationSet	183.074020	0.351540	0.262700	0.384200	0.530030	110
interaE	ValidationSet	187.785690	0.350120	0.261650	0.381240	0.528570	111
interaE	ValidationSet	186.002370	0.351240	0.262160	0.382920	0.532340	112
interaE	ValidationSet	184.156090	0.352000	0.262790	0.384690	0.532650	113
interaE	ValidationSet	189.810840	0.352770	0.264160	0.384570	0.531990	114
interaE	ValidationSet	188.502170	0.353400	0.265240	0.385230	0.531480	115
interaE	ValidationSet	190.538810	0.350230	0.261280	0.381780	0.528060	116
interaE	ValidationSet	186.480900	0.353300	0.263820	0.386600	0.535160	117
interaE	ValidationSet	191.083460	0.352920	0.264560	0.384490	0.532190	118
interaE	ValidationSet	188.770740	0.352360	0.263840	0.385060	0.530680	119
interaE	ValidationSet	187.582660	0.351090	0.262160	0.382830	0.529480	120
interaE	ValidationSet	188.842830	0.352600	0.264330	0.384430	0.531710	121
interaE	ValidationSet	186.887620	0.352760	0.263900	0.385690	0.531280	122
interaE	ValidationSet	190.266520	0.352400	0.263470	0.385060	0.531080	123
interaE	ValidationSet	189.443140	0.353720	0.265100	0.386060	0.531960	124
interaE	ValidationSet	190.342000	0.352420	0.262900	0.386310	0.533760	125
interaE	ValidationSet	192.709580	0.351820	0.262420	0.384890	0.532620	126
interaE	ValidationSet	185.118190	0.353360	0.264810	0.385740	0.534100	127
interaE	ValidationSet	185.860540	0.353290	0.264870	0.386770	0.529570	128
interaE	ValidationSet	189.210290	0.354470	0.265470	0.386770	0.534530	129
interaE	ValidationSet	185.837350	0.353900	0.265640	0.386080	0.531850	130
interaE	ValidationSet	189.096040	0.353160	0.265360	0.384090	0.530420	131
interaE	ValidationSet	188.591330	0.354430	0.265530	0.386600	0.533620	132
interaE	ValidationSet	189.717110	0.353970	0.265010	0.386660	0.534100	133
interaE	ValidationSet	186.149190	0.353520	0.264210	0.385770	0.533420	134
interaE	ValidationSet	189.861960	0.354970	0.266240	0.387110	0.535240	135
interaE	ValidationSet	188.343680	0.354840	0.265470	0.388540	0.533390	136
interaE	ValidationSet	187.477700	0.355520	0.267440	0.386260	0.535020	137
interaE	ValidationSet	188.388220	0.355420	0.266470	0.388710	0.535360	138
interaE	ValidationSet	193.229280	0.354800	0.265330	0.388880	0.535020	139
interaE	ValidationSet	186.396580	0.355510	0.265730	0.389140	0.537040	140
interaE	ValidationSet	189.836950	0.354980	0.265380	0.389590	0.533530	141
interaE	ValidationSet	188.482090	0.355470	0.266150	0.387940	0.535470	142
interaE	ValidationSet	191.177840	0.354880	0.265730	0.388370	0.535130	143
interaE	ValidationSet	189.006960	0.354500	0.265210	0.386660	0.534730	144
interaE	ValidationSet	191.236470	0.354320	0.264930	0.386510	0.532990	145
interaE	ValidationSet	186.557970	0.357370	0.268920	0.389590	0.536270	146
interaE	ValidationSet	191.676700	0.355750	0.266720	0.389340	0.535410	147
interaE	ValidationSet	187.299290	0.355650	0.264810	0.391220	0.537210	148
interaE	ValidationSet	188.609410	0.355190	0.265730	0.388620	0.535560	149
interaE	ValidationSet	188.290280	0.355770	0.266840	0.388310	0.535930	150
interaE	ValidationSet	188.882290	0.355730	0.266610	0.387370	0.534960	151
interaE	ValidationSet	191.325490	0.356670	0.267750	0.389110	0.536870	152
interaE	ValidationSet	192.358340	0.356820	0.266920	0.391360	0.538100	153
interaE	ValidationSet	188.070570	0.356130	0.266610	0.390020	0.536010	154
interaE	ValidationSet	193.269860	0.357500	0.268490	0.390680	0.536930	155
interaE	ValidationSet	191.303420	0.356010	0.266120	0.389620	0.537670	156
interaE	ValidationSet	191.777100	0.355760	0.265530	0.390080	0.535530	157
interaE	ValidationSet	190.868180	0.356100	0.266950	0.388620	0.536500	158
interaE	ValidationSet	191.993560	0.357970	0.268460	0.392670	0.538640	159
interaE	ValidationSet	193.655970	0.357450	0.268060	0.391100	0.537720	160
interaE	ValidationSet	193.000860	0.355320	0.265410	0.389820	0.534360	161
interaE	ValidationSet	192.524070	0.355740	0.266300	0.388880	0.536640	162
interaE	ValidationSet	193.972740	0.356240	0.267040	0.388680	0.534900	163
interaE	ValidationSet	195.088850	0.355490	0.265670	0.388280	0.537780	164
interaE	ValidationSet	195.298660	0.357100	0.267840	0.388940	0.537670	165
interaE	ValidationSet	190.952320	0.356870	0.268780	0.387800	0.538550	166
interaE	ValidationSet	194.186030	0.355910	0.265900	0.387820	0.537520	167
interaE	ValidationSet	195.844910	0.355370	0.265100	0.389880	0.537640	168
interaE	ValidationSet	191.121810	0.356040	0.265950	0.389760	0.537350	169
interaE	ValidationSet	195.208100	0.356670	0.266810	0.388820	0.538100	170
interaE	ValidationSet	194.165730	0.359000	0.270350	0.390390	0.539690	171
interaE	ValidationSet	197.293070	0.356200	0.267750	0.388680	0.535160	172
interaE	ValidationSet	192.628460	0.358260	0.268780	0.391900	0.538690	173
interaE	ValidationSet	190.300660	0.356870	0.266890	0.391820	0.537750	174
interaE	ValidationSet	192.147500	0.357290	0.267690	0.390110	0.539520	175
interaE	ValidationSet	192.609780	0.358040	0.267490	0.391390	0.538950	176
interaE	ValidationSet	194.032390	0.357360	0.267840	0.390310	0.537300	177
interaE	ValidationSet	193.639040	0.357780	0.268860	0.390620	0.539180	178
interaE	ValidationSet	191.485740	0.356390	0.266870	0.389390	0.538120	179
interaE	ValidationSet	192.056120	0.356990	0.267950	0.388940	0.539460	180
interaE	ValidationSet	194.325430	0.357580	0.267550	0.390820	0.539580	181
interaE	ValidationSet	197.777100	0.356800	0.267780	0.390130	0.537180	182
interaE	ValidationSet	191.611460	0.356190	0.265700	0.391560	0.537500	183
interaE	ValidationSet	196.783630	0.355960	0.265980	0.388850	0.538640	184
interaE	ValidationSet	192.260960	0.356400	0.266180	0.391270	0.538120	185
interaE	ValidationSet	196.041290	0.356960	0.267120	0.390730	0.539090	186
interaE	ValidationSet	194.852120	0.356420	0.267780	0.388620	0.537580	187
interaE	ValidationSet	194.294580	0.357510	0.268230	0.390130	0.536640	188
interaE	ValidationSet	192.495240	0.356220	0.266150	0.389050	0.539060	189
interaE	ValidationSet	195.361020	0.357070	0.268150	0.388740	0.537720	190
interaE	ValidationSet	195.255830	0.357600	0.267550	0.390820	0.539320	191
interaE	ValidationSet	194.759990	0.356830	0.267070	0.390160	0.537180	192
interaE	ValidationSet	198.181550	0.357180	0.267520	0.390480	0.538040	193
interaE	ValidationSet	196.596260	0.357930	0.268750	0.390130	0.538210	194
interaE	ValidationSet	192.745110	0.358770	0.269350	0.392240	0.538810	195
interaE	ValidationSet	194.246110	0.358510	0.269150	0.391930	0.538270	196
interaE	ValidationSet	193.053240	0.357980	0.268780	0.390790	0.537350	197
interaE	ValidationSet	209.471460	0.351300	0.261140	0.384030	0.532960	197
interaE	ValidationSet	5573.935070	0.010990	0.004080	0.010980	0.024440	0
interaE	ValidationSet	4960.118620	0.009230	0.003590	0.007210	0.017990	1
interaE	ValidationSet	4284.771110	0.022450	0.013150	0.019190	0.037900	2
interaE	ValidationSet	3645.731680	0.070050	0.047680	0.073420	0.111950	3
interaE	ValidationSet	2642.601310	0.098260	0.068460	0.102400	0.156520	4
interaE	ValidationSet	1632.837150	0.152940	0.111920	0.162820	0.231770	5
interaE	ValidationSet	1962.191070	0.123400	0.080550	0.137440	0.201970	6
interaE	ValidationSet	865.229110	0.198880	0.143860	0.212400	0.307810	7
interaE	ValidationSet	679.768780	0.215070	0.153150	0.234820	0.335760	8
interaE	ValidationSet	627.098550	0.217740	0.156830	0.234500	0.338350	9
interaE	ValidationSet	670.160940	0.221810	0.162870	0.238010	0.338410	10
interaE	ValidationSet	528.269060	0.238490	0.172710	0.258310	0.367810	11
interaE	ValidationSet	377.947730	0.249810	0.179810	0.272030	0.387280	12
interaE	ValidationSet	359.271140	0.250350	0.179130	0.273620	0.388370	13
interaE	ValidationSet	341.002570	0.263280	0.191020	0.285970	0.406900	14
interaE	ValidationSet	315.017620	0.267300	0.193580	0.290220	0.411980	15
interaE	ValidationSet	293.760360	0.271700	0.196520	0.295100	0.419450	16
interaE	ValidationSet	287.439090	0.275250	0.199740	0.299490	0.424640	17
interaE	ValidationSet	281.475020	0.281380	0.203740	0.307010	0.432880	18
interaE	ValidationSet	282.742600	0.285250	0.208300	0.309300	0.440030	19
interaE	ValidationSet	261.548470	0.289250	0.211430	0.315510	0.441520	20
interaE	ValidationSet	265.531190	0.294230	0.215170	0.322010	0.448500	21
interaE	ValidationSet	255.242710	0.294510	0.214110	0.320620	0.452840	22
interaE	ValidationSet	257.486680	0.295210	0.216850	0.318850	0.451100	23
interaE	ValidationSet	254.591620	0.300550	0.219500	0.326550	0.461530	24
interaE	ValidationSet	244.783380	0.301890	0.220870	0.328510	0.462390	25
interaE	ValidationSet	243.773110	0.306000	0.225040	0.333450	0.467320	26
interaE	ValidationSet	247.000880	0.306390	0.223870	0.334330	0.469230	27
interaE	ValidationSet	240.023840	0.307220	0.224920	0.334500	0.470690	28
interaE	ValidationSet	239.617960	0.309140	0.226890	0.336440	0.474050	29
interaE	ValidationSet	231.245650	0.313710	0.231480	0.341000	0.477620	30
interaE	ValidationSet	233.574020	0.313770	0.230850	0.339890	0.479670	31
interaE	ValidationSet	228.016140	0.316500	0.233650	0.344080	0.483320	32
interaE	ValidationSet	239.190960	0.318040	0.234760	0.345910	0.483830	33
interaE	ValidationSet	227.825520	0.316910	0.233880	0.344030	0.483180	34
interaE	ValidationSet	221.685910	0.318960	0.234450	0.348700	0.487110	35
interaE	ValidationSet	222.920590	0.318240	0.234620	0.345200	0.486280	36
interaE	ValidationSet	220.133790	0.322000	0.237720	0.350240	0.490730	37
interaE	ValidationSet	221.625010	0.324910	0.241200	0.352520	0.492100	38
interaE	ValidationSet	220.644740	0.323720	0.239410	0.353410	0.491300	39
interaE	ValidationSet	224.321390	0.325990	0.242170	0.353350	0.494920	40
interaE	ValidationSet	218.031850	0.325730	0.241690	0.354180	0.495010	41
interaE	ValidationSet	217.850900	0.327680	0.242090	0.357170	0.498940	42
interaE	ValidationSet	218.878360	0.327240	0.242860	0.355200	0.498000	43
interaE	ValidationSet	216.898600	0.327630	0.241940	0.357600	0.498830	44
interaE	ValidationSet	215.391760	0.329440	0.244400	0.358850	0.500230	45
interaE	ValidationSet	216.530030	0.328700	0.242710	0.358370	0.500770	46
interaE	ValidationSet	216.423010	0.330220	0.243660	0.361420	0.503110	47
interaE	ValidationSet	215.103480	0.330560	0.245080	0.360050	0.501310	48
interaE	ValidationSet	212.334130	0.330550	0.243830	0.360360	0.504190	49
interaE	ValidationSet	210.574940	0.332700	0.245770	0.364640	0.507900	50
interaE	ValidationSet	215.526060	0.333170	0.247820	0.362900	0.506300	51
interaE	ValidationSet	210.673170	0.333560	0.247760	0.363930	0.505790	52
interaE	ValidationSet	208.708240	0.336890	0.250840	0.366870	0.511460	53
