interaE	ValidationSet	6325.038950	0.014980	0.004510	0.018050	0.036300	0
interaE	ValidationSet	5789.104020	0.018660	0.004700	0.022810	0.045390	1
interaE	ValidationSet	5416.453090	0.016030	0.003080	0.013320	0.044770	2
interaE	ValidationSet	5012.341030	0.023380	0.009440	0.023470	0.050730	3
interaE	ValidationSet	4716.004250	0.024020	0.012060	0.021610	0.046190	4
interaE	ValidationSet	4551.722270	0.023450	0.013490	0.020640	0.038210	5
interaE	ValidationSet	4329.068380	0.026510	0.013320	0.024950	0.054490	6
interaE	ValidationSet	4231.708410	0.026280	0.013340	0.024610	0.047590	7
interaE	ValidationSet	4098.375850	0.022440	0.005420	0.022380	0.053750	8
interaE	ValidationSet	4044.442910	0.024770	0.010690	0.027920	0.046340	9
interaE	ValidationSet	3937.021410	0.031660	0.013230	0.032880	0.063160	10
interaE	ValidationSet	3680.160050	0.033430	0.015000	0.032220	0.071540	11
interaE	ValidationSet	3509.665270	0.035990	0.015030	0.033020	0.083120	12
interaE	ValidationSet	3278.405760	0.039860	0.016770	0.038870	0.084120	13
interaE	ValidationSet	3128.614490	0.045750	0.023920	0.045340	0.088710	14
interaE	ValidationSet	2983.096690	0.064750	0.035500	0.070350	0.120250	15
interaE	ValidationSet	2802.148590	0.080720	0.054290	0.083830	0.131280	16
interaE	ValidationSet	2529.885630	0.090000	0.059570	0.093980	0.147850	17
interaE	ValidationSet	2336.173480	0.099560	0.067610	0.102280	0.168180	18
interaE	ValidationSet	2020.904480	0.111420	0.073030	0.118910	0.187200	19
interaE	ValidationSet	1795.003880	0.124090	0.084460	0.132560	0.201970	20
interaE	ValidationSet	1529.569720	0.139520	0.097210	0.147930	0.220900	21
interaE	ValidationSet	1371.082550	0.152180	0.107390	0.162390	0.236760	22
interaE	ValidationSet	1208.659050	0.157470	0.107670	0.170290	0.254260	23
interaE	ValidationSet	1105.731510	0.166180	0.115510	0.178870	0.262650	24
interaE	ValidationSet	961.242890	0.173890	0.120530	0.187710	0.275820	25
interaE	ValidationSet	921.687480	0.182100	0.126750	0.199400	0.284430	26
interaE	ValidationSet	838.080040	0.191400	0.134160	0.206070	0.302850	27
interaE	ValidationSet	785.366720	0.197000	0.138670	0.212200	0.309120	28
interaE	ValidationSet	704.979930	0.206520	0.146420	0.222670	0.324180	29
interaE	ValidationSet	659.872800	0.210430	0.147530	0.227720	0.329510	30
interaE	ValidationSet	608.635330	0.215670	0.152920	0.232560	0.338640	31
interaE	ValidationSet	574.369920	0.221860	0.157000	0.241090	0.347930	32
interaE	ValidationSet	552.316340	0.226120	0.160680	0.244570	0.353860	33
interaE	ValidationSet	523.383920	0.231100	0.163790	0.251640	0.362500	34
interaE	ValidationSet	500.614400	0.235280	0.167860	0.256090	0.367290	35
interaE	ValidationSet	485.989680	0.239930	0.171060	0.262480	0.372540	36
interaE	ValidationSet	444.924040	0.243280	0.173940	0.264470	0.380750	37
interaE	ValidationSet	433.697260	0.244810	0.174710	0.266640	0.382180	38
interaE	ValidationSet	420.618790	0.250670	0.180580	0.272600	0.387170	39
interaE	ValidationSet	401.343090	0.252360	0.181720	0.275620	0.389390	40
interaE	ValidationSet	397.466040	0.257480	0.186600	0.280640	0.395210	41
interaE	ValidationSet	386.607960	0.259090	0.187480	0.281070	0.399800	42
interaE	ValidationSet	375.451730	0.261140	0.188310	0.284060	0.403540	43
interaE	ValidationSet	363.830230	0.264930	0.191360	0.289220	0.409210	44
interaE	ValidationSet	349.649840	0.266670	0.192730	0.290650	0.411490	45
interaE	ValidationSet	342.795780	0.266560	0.193010	0.290960	0.413090	46
interaE	ValidationSet	335.830970	0.269660	0.195150	0.293410	0.416200	47
interaE	ValidationSet	328.738100	0.271320	0.195870	0.297410	0.418220	48
interaE	ValidationSet	322.949300	0.274880	0.200430	0.299940	0.419620	49
interaE	ValidationSet	317.252870	0.277560	0.201970	0.303990	0.424750	50
interaE	ValidationSet	314.961530	0.277280	0.200400	0.304560	0.425750	51
interaE	ValidationSet	309.370740	0.278820	0.202420	0.304820	0.429280	52
interaE	ValidationSet	298.980780	0.282220	0.205850	0.308210	0.431960	53
interaE	ValidationSet	297.372030	0.282310	0.204700	0.308870	0.434990	54
interaE	ValidationSet	292.186400	0.284250	0.207840	0.308700	0.436870	55
interaE	ValidationSet	290.373740	0.285800	0.208040	0.312060	0.437180	56
interaE	ValidationSet	279.006390	0.288490	0.211060	0.314090	0.441120	57
interaE	ValidationSet	279.857200	0.288610	0.210920	0.313490	0.441720	58
interaE	ValidationSet	276.409010	0.289740	0.211550	0.316820	0.444710	59
interaE	ValidationSet	272.957310	0.293080	0.215230	0.318910	0.446710	60
interaE	ValidationSet	269.007930	0.291870	0.213260	0.318710	0.447080	61
interaE	ValidationSet	265.621130	0.294860	0.216170	0.320960	0.450040	62
interaE	ValidationSet	266.471630	0.294860	0.215140	0.321930	0.450810	63
interaE	ValidationSet	258.871290	0.294860	0.215260	0.320270	0.453860	64
interaE	ValidationSet	256.849390	0.297510	0.218680	0.323810	0.454860	65
interaE	ValidationSet	256.001110	0.300060	0.220640	0.326350	0.458910	66
interaE	ValidationSet	252.481610	0.299140	0.218880	0.325380	0.459080	67
interaE	ValidationSet	251.634790	0.298400	0.218080	0.325090	0.457880	68
interaE	ValidationSet	246.821210	0.301300	0.220730	0.327320	0.461620	69
interaE	ValidationSet	246.084660	0.303030	0.221670	0.331050	0.463420	70
interaE	ValidationSet	243.627490	0.304510	0.223780	0.330710	0.466040	71
interaE	ValidationSet	242.289990	0.305880	0.225380	0.331050	0.467320	72
interaE	ValidationSet	242.877760	0.306110	0.224640	0.333110	0.469460	73
interaE	ValidationSet	240.221270	0.308490	0.227890	0.334420	0.469200	74
interaE	ValidationSet	237.141770	0.309280	0.227320	0.336560	0.470370	75
interaE	ValidationSet	235.314430	0.310720	0.229280	0.336980	0.474540	76
interaE	ValidationSet	230.658880	0.309500	0.227030	0.337780	0.473250	77
interaE	ValidationSet	231.914710	0.309180	0.226350	0.336980	0.474820	78
interaE	ValidationSet	232.828170	0.311100	0.228030	0.340380	0.475790	79
interaE	ValidationSet	231.333790	0.312030	0.228600	0.341060	0.476050	80
interaE	ValidationSet	227.753860	0.312940	0.229280	0.341170	0.480210	81
interaE	ValidationSet	228.461280	0.313590	0.231170	0.341030	0.482260	82
interaE	ValidationSet	227.447130	0.314780	0.231310	0.343230	0.479930	83
interaE	ValidationSet	226.628230	0.315050	0.232420	0.343030	0.479950	84
interaE	ValidationSet	224.435670	0.316510	0.234050	0.344970	0.481180	85
interaE	ValidationSet	223.174050	0.315120	0.231790	0.343540	0.481150	86
interaE	ValidationSet	219.486060	0.317370	0.234300	0.345880	0.482810	87
interaE	ValidationSet	221.250610	0.318270	0.235360	0.345510	0.485630	88
interaE	ValidationSet	218.529770	0.317760	0.233760	0.347360	0.486510	89
interaE	ValidationSet	216.999690	0.318400	0.234930	0.347450	0.486260	90
interaE	ValidationSet	218.738670	0.319260	0.235300	0.346790	0.488020	91
interaE	ValidationSet	218.205990	0.318110	0.233930	0.346360	0.488480	92
interaE	ValidationSet	217.959510	0.320540	0.236840	0.349760	0.488540	93
interaE	ValidationSet	215.474370	0.320190	0.235590	0.349500	0.490530	94
interaE	ValidationSet	214.249070	0.321510	0.236160	0.352070	0.492470	95
interaE	ValidationSet	213.248700	0.322840	0.238070	0.352890	0.491500	96
interaE	ValidationSet	214.844940	0.322150	0.236950	0.351750	0.492440	97
interaE	ValidationSet	212.246540	0.324070	0.239890	0.352380	0.494270	98
interaE	ValidationSet	213.876900	0.325240	0.240720	0.355550	0.497150	99
interaE	ValidationSet	212.564240	0.324680	0.240750	0.353150	0.495120	100
interaE	ValidationSet	211.775420	0.324770	0.240400	0.354950	0.495320	101
interaE	ValidationSet	211.926200	0.326550	0.242000	0.355630	0.494870	102
interaE	ValidationSet	213.123320	0.326000	0.241460	0.355890	0.495350	103
interaE	ValidationSet	211.936810	0.325120	0.240750	0.355260	0.495120	104
interaE	ValidationSet	210.495490	0.326180	0.241520	0.356490	0.495070	105
interaE	ValidationSet	207.189930	0.327290	0.242290	0.357000	0.499430	106
interaE	ValidationSet	208.771310	0.328110	0.242540	0.359450	0.497980	107
interaE	ValidationSet	206.859340	0.328220	0.242060	0.360310	0.499660	108
interaE	ValidationSet	206.661650	0.328290	0.242510	0.358310	0.499860	109
interaE	ValidationSet	207.096040	0.328840	0.244080	0.357400	0.499600	110
interaE	ValidationSet	206.531620	0.330210	0.244480	0.360220	0.503360	111
interaE	ValidationSet	205.383580	0.329120	0.243740	0.359820	0.498860	112
interaE	ValidationSet	207.186400	0.328940	0.243340	0.358140	0.500940	113
interaE	ValidationSet	204.566500	0.330770	0.245420	0.360680	0.502000	114
interaE	ValidationSet	207.038490	0.331050	0.244880	0.363820	0.502450	115
interaE	ValidationSet	204.900290	0.330270	0.244510	0.360820	0.502310	116
interaE	ValidationSet	203.722700	0.332030	0.246140	0.363300	0.502280	117
interaE	ValidationSet	204.848560	0.332210	0.245910	0.363670	0.505620	118
interaE	ValidationSet	203.747250	0.331920	0.246250	0.361790	0.504790	119
interaE	ValidationSet	203.271490	0.331650	0.245050	0.362960	0.505020	120
interaE	ValidationSet	203.798460	0.332620	0.246340	0.362530	0.505820	121
interaE	ValidationSet	206.136610	0.333120	0.246850	0.363440	0.506530	122
interaE	ValidationSet	201.689190	0.331580	0.244970	0.362760	0.504530	123
interaE	ValidationSet	207.054920	0.333430	0.247850	0.364270	0.505420	124
interaE	ValidationSet	202.913120	0.333270	0.248020	0.362560	0.506420	125
interaE	ValidationSet	200.666810	0.333230	0.247850	0.362730	0.506240	126
interaE	ValidationSet	201.485510	0.334360	0.248450	0.364390	0.508670	127
interaE	ValidationSet	200.530310	0.335020	0.248760	0.365040	0.507960	128
interaE	ValidationSet	201.873000	0.334440	0.248470	0.364870	0.506190	129
interaE	ValidationSet	201.771710	0.334740	0.249190	0.365330	0.506070	130
interaE	ValidationSet	200.860880	0.336180	0.250810	0.367840	0.506050	131
interaE	ValidationSet	202.243660	0.335710	0.250500	0.365530	0.506900	132
interaE	ValidationSet	197.871660	0.335190	0.248930	0.365210	0.509270	133
interaE	ValidationSet	198.841370	0.336310	0.250560	0.365210	0.510350	134
interaE	ValidationSet	198.173080	0.336180	0.250580	0.366440	0.508980	135
interaE	ValidationSet	199.179470	0.336890	0.251180	0.366010	0.510270	136
interaE	ValidationSet	200.870150	0.337060	0.250700	0.367180	0.511430	137
interaE	ValidationSet	198.729230	0.337520	0.251470	0.368180	0.511380	138
interaE	ValidationSet	199.686080	0.336530	0.250070	0.367490	0.510550	139
interaE	ValidationSet	197.175080	0.338210	0.251670	0.369230	0.512550	140
interaE	ValidationSet	199.075650	0.338780	0.252520	0.369950	0.512800	141
interaE	ValidationSet	200.778210	0.338330	0.252150	0.367980	0.511860	142
interaE	ValidationSet	197.751330	0.338080	0.251750	0.368460	0.512890	143
interaE	ValidationSet	199.531510	0.338640	0.251580	0.369350	0.513830	144
interaE	ValidationSet	199.173880	0.339840	0.253890	0.368810	0.513800	145
interaE	ValidationSet	197.215260	0.338590	0.252320	0.369660	0.512000	146
interaE	ValidationSet	198.873370	0.340890	0.255150	0.370230	0.512120	147
interaE	ValidationSet	196.430420	0.339180	0.253350	0.368610	0.511260	148
interaE	ValidationSet	194.170350	0.338390	0.250980	0.370460	0.514400	149
interaE	ValidationSet	195.126120	0.341110	0.254720	0.371090	0.514970	150
interaE	ValidationSet	195.166150	0.339260	0.252670	0.369460	0.513860	151
interaE	ValidationSet	194.920840	0.339190	0.252100	0.370000	0.513660	152
interaE	ValidationSet	196.682090	0.340450	0.254150	0.371200	0.515740	153
interaE	ValidationSet	198.802400	0.341960	0.255400	0.373110	0.515080	154
interaE	ValidationSet	198.364810	0.339580	0.253150	0.369460	0.512890	155
interaE	ValidationSet	197.310380	0.339490	0.252500	0.371000	0.514860	156
interaE	ValidationSet	198.486230	0.340900	0.254780	0.370400	0.516420	157
interaE	ValidationSet	198.102680	0.340110	0.252840	0.371230	0.514460	158
interaE	ValidationSet	195.671000	0.340300	0.254180	0.369950	0.514260	159
interaE	ValidationSet	196.866550	0.342120	0.255490	0.372280	0.517220	160
interaE	ValidationSet	195.544450	0.342450	0.256170	0.372400	0.517190	161
interaE	ValidationSet	194.967090	0.343620	0.257400	0.374680	0.517540	162
interaE	ValidationSet	197.325810	0.341680	0.255830	0.370540	0.515910	163
interaE	ValidationSet	197.902400	0.340810	0.253920	0.371940	0.515600	164
interaE	ValidationSet	195.645820	0.342940	0.256830	0.373420	0.515740	165
interaE	ValidationSet	196.918880	0.344020	0.257860	0.374310	0.516650	166
interaE	ValidationSet	194.810920	0.342410	0.255600	0.373680	0.519360	167
interaE	ValidationSet	193.503140	0.342890	0.255200	0.374820	0.520190	168
interaE	ValidationSet	194.240180	0.342490	0.256060	0.373400	0.517480	169
interaE	ValidationSet	196.909500	0.343770	0.257090	0.373110	0.519760	170
interaE	ValidationSet	195.111410	0.343320	0.256140	0.374020	0.520330	171
interaE	ValidationSet	195.015200	0.343570	0.256140	0.376020	0.518910	172
interaE	ValidationSet	196.275560	0.343050	0.255520	0.373850	0.518650	173
interaE	ValidationSet	195.921870	0.343410	0.257800	0.372400	0.515970	174
interaE	ValidationSet	196.359170	0.344170	0.257740	0.375310	0.516740	175
interaE	ValidationSet	196.434220	0.345510	0.259310	0.375990	0.519730	176
interaE	ValidationSet	193.653860	0.344880	0.258740	0.374050	0.518080	177
interaE	ValidationSet	194.337550	0.344700	0.258480	0.374390	0.519330	178
interaE	ValidationSet	194.698970	0.344870	0.257940	0.374940	0.520100	179
interaE	ValidationSet	198.032850	0.344530	0.257800	0.374960	0.520220	180
interaE	ValidationSet	194.843060	0.343120	0.255570	0.375790	0.519700	181
interaE	ValidationSet	192.949300	0.344210	0.256630	0.375560	0.520440	182
interaE	ValidationSet	193.631370	0.344490	0.257140	0.374790	0.520990	183
interaE	ValidationSet	192.094040	0.345930	0.259970	0.375590	0.521530	184
interaE	ValidationSet	193.427830	0.344630	0.257510	0.374880	0.521980	185
interaE	ValidationSet	194.206100	0.345370	0.259000	0.375710	0.520420	186
interaE	ValidationSet	192.984370	0.343980	0.256570	0.374450	0.521670	187
interaE	ValidationSet	191.574940	0.344510	0.257310	0.375760	0.519450	188
interaE	ValidationSet	191.031280	0.344360	0.256910	0.376130	0.520760	189
interaE	ValidationSet	191.742230	0.345940	0.259310	0.375790	0.521130	190
interaE	ValidationSet	192.344970	0.345920	0.260080	0.373540	0.521160	191
interaE	ValidationSet	190.792470	0.345480	0.258970	0.375250	0.521210	192
interaE	ValidationSet	192.009670	0.345940	0.258680	0.376360	0.523550	193
interaE	ValidationSet	192.562100	0.345910	0.258600	0.375960	0.522840	194
interaE	ValidationSet	190.936560	0.345810	0.258630	0.375710	0.523070	195
interaE	ValidationSet	191.811920	0.346420	0.259620	0.376500	0.521900	196
interaE	ValidationSet	189.805390	0.345760	0.258850	0.374570	0.523100	197
interaE	ValidationSet	191.377470	0.347340	0.259450	0.378900	0.522670	198
interaE	ValidationSet	193.757290	0.346730	0.261130	0.375710	0.521900	199
interaE	ValidationSet	192.729940	0.347780	0.261560	0.378040	0.522700	200
interaE	ValidationSet	192.694240	0.346680	0.260050	0.376870	0.522950	201
interaE	ValidationSet	193.312230	0.346090	0.260190	0.375220	0.520160	202
interaE	ValidationSet	192.483350	0.346780	0.260740	0.375450	0.522070	203
interaE	ValidationSet	192.934620	0.346090	0.258650	0.376560	0.521390	204
interaE	ValidationSet	191.133280	0.347080	0.260940	0.374650	0.522070	205
interaE	ValidationSet	192.704850	0.345710	0.258480	0.376420	0.523320	206
interaE	ValidationSet	195.104650	0.348120	0.260910	0.378130	0.524980	207
interaE	ValidationSet	189.666470	0.348230	0.261330	0.378670	0.524210	208
interaE	ValidationSet	191.831170	0.347100	0.260080	0.377990	0.523550	209
interaE	ValidationSet	193.992100	0.347120	0.260050	0.377270	0.522100	210
interaE	ValidationSet	192.375590	0.346860	0.260280	0.377390	0.521130	211
interaE	ValidationSet	191.739180	0.347010	0.260020	0.377470	0.523870	212
interaE	ValidationSet	189.869800	0.348220	0.260850	0.379330	0.524210	213
interaE	ValidationSet	191.507130	0.347550	0.260850	0.377160	0.524040	214
interaE	ValidationSet	194.905450	0.348490	0.261390	0.378410	0.524470	215
interaE	ValidationSet	193.378960	0.348760	0.261990	0.379270	0.524490	216
interaE	ValidationSet	194.603960	0.349020	0.261590	0.380520	0.525460	217
interaE	ValidationSet	192.548050	0.348330	0.261050	0.378500	0.525150	218
interaE	ValidationSet	190.002080	0.347420	0.260020	0.377450	0.523070	219
interaE	ValidationSet	192.984120	0.349620	0.262190	0.379870	0.528090	220
interaE	ValidationSet	191.538150	0.348200	0.259850	0.378810	0.527150	221
interaE	ValidationSet	192.956400	0.348580	0.261360	0.379100	0.524580	222
interaE	ValidationSet	192.045170	0.348950	0.261510	0.378300	0.525520	223
interaE	ValidationSet	193.388220	0.349550	0.262080	0.380610	0.526260	224
interaE	ValidationSet	191.921130	0.348750	0.261620	0.379440	0.525430	225
interaE	ValidationSet	190.705900	0.348480	0.261020	0.378730	0.525260	226
interaE	ValidationSet	192.024690	0.349260	0.262220	0.380330	0.525920	227
interaE	ValidationSet	192.679270	0.348980	0.261450	0.380870	0.525920	228
interaE	ValidationSet	191.494180	0.347930	0.260140	0.377870	0.527320	229
interaE	ValidationSet	194.424490	0.350200	0.263100	0.381240	0.526260	230
interaE	ValidationSet	191.409840	0.349280	0.261480	0.382440	0.523210	231
interaE	ValidationSet	193.787450	0.349860	0.262590	0.380640	0.526230	232
interaE	ValidationSet	192.015710	0.350350	0.262900	0.381120	0.526920	233
interaE	ValidationSet	192.087430	0.351880	0.265180	0.381120	0.527000	234
interaE	ValidationSet	191.922440	0.350460	0.262930	0.381380	0.527630	235
interaE	ValidationSet	191.243540	0.350440	0.262930	0.381090	0.527800	236
interaE	ValidationSet	191.947880	0.350350	0.262100	0.382090	0.528740	237
interaE	ValidationSet	192.123270	0.349360	0.261250	0.381550	0.526010	238
interaE	ValidationSet	192.011980	0.349460	0.261730	0.380700	0.526060	239
interaE	ValidationSet	190.751470	0.350320	0.262220	0.381090	0.527920	240
interaE	ValidationSet	191.772600	0.348980	0.261130	0.379580	0.525210	241
interaE	ValidationSet	192.595840	0.350600	0.263130	0.379930	0.527090	242
interaE	ValidationSet	191.267580	0.350340	0.263620	0.380640	0.526660	243
interaE	ValidationSet	190.885910	0.350420	0.262760	0.380750	0.528000	244
interaE	ValidationSet	192.843370	0.350520	0.263100	0.380210	0.525860	245
interaE	ValidationSet	196.372460	0.350590	0.263070	0.380300	0.526010	246
interaE	ValidationSet	192.545340	0.349850	0.260990	0.381440	0.529850	247
interaE	ValidationSet	194.568980	0.350940	0.263530	0.381240	0.527490	248
interaE	ValidationSet	190.605900	0.351070	0.262820	0.383830	0.529140	249
interaE	ValidationSet	190.263670	0.351770	0.264530	0.381950	0.529000	250
interaE	ValidationSet	191.449960	0.350130	0.262100	0.381920	0.527920	251
interaE	ValidationSet	191.909920	0.350040	0.261480	0.382240	0.527570	252
interaE	ValidationSet	193.086850	0.350910	0.262990	0.380350	0.528630	253
interaE	ValidationSet	191.077820	0.350320	0.262390	0.382060	0.528120	254
interaE	ValidationSet	193.083460	0.350450	0.262990	0.380350	0.526580	255
interaE	ValidationSet	192.349100	0.351600	0.264190	0.381890	0.527970	256
interaE	ValidationSet	190.784740	0.352590	0.264840	0.382810	0.530420	257
interaE	ValidationSet	189.785200	0.351380	0.263560	0.381180	0.530030	258
interaE	ValidationSet	191.937950	0.352540	0.265470	0.383230	0.529880	259
interaE	ValidationSet	189.840580	0.352610	0.264730	0.383630	0.530450	260
interaE	ValidationSet	191.329340	0.352060	0.263820	0.384740	0.530000	261
interaE	ValidationSet	190.263470	0.352090	0.264210	0.383090	0.529030	262
interaE	ValidationSet	192.025120	0.351520	0.263470	0.383520	0.529540	263
interaE	ValidationSet	189.414060	0.350670	0.261990	0.384170	0.529880	264
interaE	ValidationSet	189.657770	0.353050	0.264590	0.385510	0.531140	265
interaE	ValidationSet	189.754580	0.350980	0.262590	0.382690	0.529000	266
interaE	ValidationSet	189.428570	0.351690	0.263420	0.383860	0.529570	267
interaE	ValidationSet	188.613200	0.353200	0.265780	0.383520	0.529740	268
interaE	ValidationSet	189.683490	0.351630	0.263560	0.382260	0.530450	269
interaE	ValidationSet	188.643090	0.352160	0.264190	0.383890	0.530540	270
interaE	ValidationSet	190.016740	0.350630	0.262790	0.381750	0.528310	271
interaE	ValidationSet	188.266320	0.351450	0.263500	0.382320	0.529170	272
interaE	ValidationSet	187.758850	0.353230	0.265410	0.383230	0.529850	273
interaE	ValidationSet	193.248670	0.352110	0.264440	0.381490	0.529230	274
interaE	ValidationSet	190.026060	0.352130	0.263900	0.383520	0.532390	275
interaE	ValidationSet	190.529510	0.352380	0.263760	0.383780	0.530820	276
interaE	ValidationSet	190.288050	0.352420	0.263930	0.385120	0.530280	277
interaE	ValidationSet	192.833190	0.351940	0.263470	0.384290	0.531000	278
interaE	ValidationSet	190.136530	0.351010	0.262990	0.382060	0.530650	279
interaE	ValidationSet	192.133360	0.353350	0.265500	0.385740	0.528630	280
interaE	ValidationSet	189.396380	0.353230	0.265330	0.383290	0.530370	281
interaE	ValidationSet	189.180150	0.353970	0.266920	0.383550	0.530820	282
interaE	ValidationSet	189.184170	0.352820	0.265210	0.384230	0.529740	283
interaE	ValidationSet	190.608730	0.353210	0.265550	0.383230	0.531280	284
interaE	ValidationSet	192.363560	0.352650	0.264440	0.383550	0.533620	285
interaE	ValidationSet	190.674910	0.353150	0.265130	0.383490	0.532020	286
interaE	ValidationSet	191.662360	0.354360	0.267270	0.383920	0.532220	287
interaE	ValidationSet	191.354610	0.354000	0.265700	0.385740	0.531960	288
interaE	ValidationSet	193.788680	0.354340	0.266270	0.385170	0.533080	289
interaE	ValidationSet	189.439860	0.354580	0.266120	0.386260	0.532880	290
interaE	ValidationSet	191.319280	0.353230	0.264500	0.383970	0.531820	291
interaE	ValidationSet	189.477300	0.353280	0.263870	0.385570	0.533250	292
interaE	ValidationSet	190.636270	0.353250	0.265010	0.383920	0.533020	293
interaE	ValidationSet	190.916030	0.352310	0.262870	0.384370	0.533160	294
interaE	ValidationSet	192.462530	0.353720	0.265500	0.385400	0.530800	295
interaE	ValidationSet	191.508240	0.352240	0.262850	0.385320	0.531310	296
interaE	ValidationSet	190.485320	0.353870	0.265700	0.385490	0.532340	297
interaE	ValidationSet	190.844400	0.354400	0.266070	0.385910	0.533620	298
interaE	ValidationSet	190.703340	0.353630	0.265160	0.385200	0.533190	299
interaE	ValidationSet	191.883320	0.354170	0.265210	0.386170	0.532310	300
interaE	ValidationSet	190.442910	0.355730	0.267550	0.387140	0.534220	301
interaE	ValidationSet	189.912430	0.354200	0.265640	0.385460	0.532760	302
interaE	ValidationSet	190.846740	0.354370	0.265500	0.385630	0.533820	303
interaE	ValidationSet	192.763500	0.353790	0.265100	0.385060	0.533990	304
interaE	ValidationSet	192.097210	0.353410	0.263930	0.385800	0.531820	305
interaE	ValidationSet	189.774170	0.354040	0.265730	0.385370	0.529770	306
interaE	ValidationSet	188.985090	0.353530	0.265240	0.384970	0.530000	307
interaE	ValidationSet	192.233790	0.354560	0.266720	0.385460	0.530880	308
interaE	ValidationSet	190.345770	0.353520	0.264470	0.386910	0.533190	309
interaE	ValidationSet	189.788570	0.354030	0.265550	0.385890	0.532420	310
interaE	ValidationSet	190.436900	0.355210	0.266670	0.387480	0.532710	311
interaE	ValidationSet	189.180750	0.354600	0.265700	0.386510	0.532850	312
interaE	ValidationSet	192.955180	0.354060	0.265440	0.385370	0.532110	313
interaE	ValidationSet	191.816820	0.354420	0.266270	0.386000	0.530970	314
interaE	ValidationSet	193.124180	0.353890	0.265870	0.384740	0.533360	315
interaE	ValidationSet	192.443630	0.354140	0.265550	0.385710	0.531020	316
interaE	ValidationSet	190.138840	0.354570	0.265780	0.386800	0.534640	317
interaE	ValidationSet	190.858710	0.355240	0.266120	0.387910	0.533650	318
interaE	ValidationSet	191.377870	0.354730	0.267240	0.383920	0.533650	319
interaE	ValidationSet	191.945000	0.354700	0.266350	0.386800	0.532730	320
interaE	ValidationSet	190.057030	0.353970	0.265530	0.386080	0.533650	321
interaE	ValidationSet	190.844000	0.354250	0.265780	0.385000	0.533820	322
interaE	ValidationSet	189.847020	0.354630	0.266640	0.384940	0.532820	323
interaE	ValidationSet	190.770260	0.354230	0.265810	0.386080	0.531740	324
interaE	ValidationSet	191.348620	0.355240	0.267240	0.385600	0.532560	325
interaE	ValidationSet	190.928310	0.353920	0.265040	0.386680	0.531910	326
interaE	ValidationSet	192.315110	0.354780	0.266350	0.387000	0.531590	327
interaE	ValidationSet	197.417550	0.348900	0.258280	0.383390	0.530690	327
interaE	ValidationSet	4998.763070	0.015750	0.004680	0.010010	0.043280	0
interaE	ValidationSet	4722.553720	0.018140	0.005390	0.020160	0.037330	1
interaE	ValidationSet	4749.700460	0.018480	0.005730	0.013940	0.044170	2
interaE	ValidationSet	4421.428690	0.018020	0.003080	0.019020	0.039380	3
interaE	ValidationSet	4334.134420	0.023260	0.007190	0.024840	0.052300	4
interaE	ValidationSet	3849.174110	0.031340	0.012150	0.036010	0.069690	5
interaE	ValidationSet	3496.564500	0.045070	0.020730	0.054380	0.093640	6
interaE	ValidationSet	2837.074850	0.088390	0.055630	0.098770	0.147080	7
interaE	ValidationSet	1999.541750	0.132980	0.093840	0.142600	0.211920	8
interaE	ValidationSet	1053.411660	0.168140	0.120670	0.179040	0.260170	9
interaE	ValidationSet	733.898290	0.196350	0.142540	0.209500	0.303170	10
interaE	ValidationSet	571.333110	0.213720	0.152950	0.230680	0.332250	11
interaE	ValidationSet	496.165810	0.221860	0.157570	0.240860	0.347880	12
interaE	ValidationSet	423.609500	0.240530	0.173620	0.261220	0.371000	13
interaE	ValidationSet	381.173450	0.246260	0.176190	0.270230	0.380700	14
interaE	ValidationSet	337.557570	0.255830	0.184970	0.279440	0.394550	15
interaE	ValidationSet	319.699520	0.264990	0.194040	0.286630	0.405280	16
interaE	ValidationSet	309.773910	0.268160	0.195210	0.292610	0.409120	17
interaE	ValidationSet	307.795610	0.274390	0.200970	0.297410	0.419250	18
interaE	ValidationSet	286.878270	0.276980	0.202820	0.300030	0.423150	19
interaE	ValidationSet	279.832820	0.282030	0.206810	0.305820	0.428740	20
interaE	ValidationSet	267.104620	0.285420	0.209410	0.307810	0.436160	21
interaE	ValidationSet	260.239950	0.287790	0.211150	0.312490	0.439240	22
interaE	ValidationSet	260.903880	0.290690	0.213800	0.314710	0.444740	23
interaE	ValidationSet	270.129510	0.292040	0.215140	0.316570	0.443770	24
interaE	ValidationSet	256.962760	0.296040	0.216990	0.321560	0.452070	25
interaE	ValidationSet	246.908300	0.297980	0.218620	0.323270	0.454290	26
interaE	ValidationSet	247.177250	0.301260	0.222410	0.326890	0.457770	27
interaE	ValidationSet	241.292330	0.303720	0.223580	0.329570	0.462530	28
interaE	ValidationSet	234.581470	0.305080	0.225120	0.330740	0.466750	29
interaE	ValidationSet	229.752550	0.305280	0.224950	0.331960	0.465100	30
interaE	ValidationSet	224.820440	0.307380	0.226180	0.332360	0.470630	31
interaE	ValidationSet	222.694010	0.308390	0.226750	0.335670	0.471430	32
interaE	ValidationSet	225.565780	0.311190	0.230230	0.337720	0.472510	33
interaE	ValidationSet	223.370630	0.312700	0.230080	0.341750	0.475420	34
interaE	ValidationSet	217.517340	0.314540	0.231770	0.342740	0.479300	35
interaE	ValidationSet	215.990330	0.315610	0.233700	0.342510	0.478210	36
interaE	ValidationSet	215.270090	0.315990	0.233390	0.342140	0.482380	37
interaE	ValidationSet	214.041030	0.316430	0.233650	0.343510	0.482410	38
interaE	ValidationSet	212.691160	0.319230	0.235840	0.346450	0.487250	39
interaE	ValidationSet	212.671310	0.318460	0.234790	0.347360	0.486770	40
interaE	ValidationSet	212.136270	0.321810	0.238380	0.350380	0.489020	41
interaE	ValidationSet	215.986710	0.322030	0.237440	0.352270	0.490390	42
interaE	ValidationSet	208.346880	0.322500	0.238180	0.351240	0.491730	43
interaE	ValidationSet	209.377070	0.323850	0.238920	0.354010	0.493900	44
interaE	ValidationSet	206.018020	0.326000	0.240660	0.356320	0.496440	45
interaE	ValidationSet	206.675790	0.324870	0.240150	0.354690	0.495240	46
interaE	ValidationSet	205.174650	0.326690	0.241460	0.356720	0.497290	47
interaE	ValidationSet	205.660170	0.326700	0.242690	0.356460	0.494750	48
interaE	ValidationSet	205.639980	0.327750	0.243510	0.355970	0.496040	49
interaE	ValidationSet	203.591870	0.328920	0.244050	0.358800	0.499120	50
interaE	ValidationSet	204.610490	0.327730	0.242770	0.357660	0.498090	51
interaE	ValidationSet	205.110070	0.330840	0.245200	0.361680	0.502020	52
interaE	ValidationSet	203.797980	0.330630	0.245420	0.360220	0.501080	53
interaE	ValidationSet	198.716480	0.330730	0.244230	0.361960	0.503280	54
interaE	ValidationSet	200.025150	0.334060	0.248530	0.365610	0.505470	55
interaE	ValidationSet	197.944340	0.334220	0.248620	0.364780	0.507130	56
interaE	ValidationSet	197.498400	0.334600	0.249620	0.364240	0.505220	57
interaE	ValidationSet	197.459420	0.335440	0.250440	0.364980	0.507580	58
interaE	ValidationSet	197.746480	0.335160	0.249990	0.364980	0.506190	59
interaE	ValidationSet	199.964780	0.333490	0.246510	0.364900	0.506840	60
interaE	ValidationSet	198.310490	0.335370	0.250010	0.366300	0.507070	61
interaE	ValidationSet	200.920300	0.337290	0.251350	0.369030	0.509350	62
interaE	ValidationSet	201.801340	0.336670	0.251010	0.367660	0.508730	63
interaE	ValidationSet	196.952950	0.336110	0.250610	0.366640	0.507870	64
interaE	ValidationSet	198.245480	0.337240	0.250840	0.368520	0.510010	65
interaE	ValidationSet	201.642320	0.338450	0.252300	0.369520	0.510890	66
interaE	ValidationSet	198.632140	0.336190	0.249270	0.368660	0.510610	67
interaE	ValidationSet	199.284740	0.337500	0.250700	0.368630	0.511580	68
interaE	ValidationSet	196.882410	0.338770	0.251550	0.370770	0.512350	69
interaE	ValidationSet	196.271400	0.341460	0.255550	0.371690	0.514490	70
interaE	ValidationSet	194.758770	0.340740	0.253350	0.372060	0.514060	71
interaE	ValidationSet	202.786460	0.340250	0.254210	0.372230	0.512490	72
interaE	ValidationSet	197.429030	0.339580	0.253120	0.370430	0.512520	73
interaE	ValidationSet	195.758600	0.339440	0.252070	0.371660	0.514800	74
interaE	ValidationSet	201.603560	0.342010	0.255230	0.374080	0.516650	75
interaE	ValidationSet	198.344940	0.341500	0.254860	0.373620	0.516370	76
interaE	ValidationSet	196.878270	0.341520	0.254290	0.373770	0.516570	77
interaE	ValidationSet	196.404620	0.340550	0.253610	0.371910	0.513370	78
interaE	ValidationSet	193.873030	0.342140	0.254580	0.374050	0.518760	79
interaE	ValidationSet	196.811860	0.343770	0.256060	0.375820	0.518880	80
interaE	ValidationSet	197.718330	0.341190	0.253920	0.373050	0.516740	81
interaE	ValidationSet	195.786970	0.344780	0.256940	0.376360	0.521190	82
interaE	ValidationSet	198.089050	0.343730	0.255660	0.375480	0.521040	83
interaE	ValidationSet	200.122580	0.343830	0.256140	0.374620	0.519870	84
interaE	ValidationSet	191.730880	0.344520	0.256430	0.375990	0.520420	85
interaE	ValidationSet	195.476050	0.343700	0.257200	0.373280	0.517340	86
interaE	ValidationSet	195.849300	0.343710	0.256400	0.374880	0.519100	87
interaE	ValidationSet	195.638750	0.345080	0.257370	0.376390	0.522380	88
interaE	ValidationSet	198.202220	0.344150	0.256490	0.374570	0.520790	89
interaE	ValidationSet	193.365550	0.345090	0.257710	0.376300	0.521020	90
interaE	ValidationSet	193.515450	0.345910	0.259170	0.377160	0.523010	91
interaE	ValidationSet	193.386660	0.345730	0.258080	0.378330	0.522780	92
interaE	ValidationSet	194.141170	0.345180	0.257430	0.375560	0.521960	93
interaE	ValidationSet	196.174650	0.344500	0.256740	0.376080	0.522380	94
interaE	ValidationSet	195.231000	0.343990	0.254890	0.377620	0.521240	95
interaE	ValidationSet	194.554630	0.345050	0.257570	0.377700	0.522010	96
interaE	ValidationSet	192.777870	0.346350	0.257770	0.380520	0.524750	97
interaE	ValidationSet	192.748020	0.346040	0.258850	0.377130	0.522840	98
interaE	ValidationSet	194.727230	0.346500	0.258600	0.379380	0.524840	99
interaE	ValidationSet	191.079160	0.346510	0.259250	0.376820	0.521790	100
interaE	ValidationSet	193.616970	0.347620	0.260280	0.379730	0.521810	101
interaE	ValidationSet	193.033450	0.348220	0.260710	0.380210	0.523550	102
interaE	ValidationSet	195.957800	0.347580	0.259600	0.379730	0.523810	103
interaE	ValidationSet	196.940860	0.348020	0.261450	0.377790	0.524090	104
interaE	ValidationSet	193.576300	0.347780	0.259680	0.380350	0.523870	105
interaE	ValidationSet	193.232390	0.348150	0.260340	0.379840	0.526230	106
interaE	ValidationSet	193.885400	0.349490	0.262390	0.380350	0.524660	107
interaE	ValidationSet	190.022840	0.350020	0.261680	0.383890	0.526920	108
interaE	ValidationSet	193.393930	0.348700	0.261050	0.380520	0.524810	109
interaE	ValidationSet	192.706870	0.348370	0.260680	0.379210	0.524890	110
interaE	ValidationSet	196.862620	0.348720	0.260540	0.379500	0.525920	111
interaE	ValidationSet	193.376900	0.348370	0.259970	0.380350	0.527460	112
interaE	ValidationSet	192.296830	0.348420	0.260170	0.380350	0.527460	113
interaE	ValidationSet	192.407190	0.349550	0.261990	0.380750	0.525240	114
interaE	ValidationSet	197.714400	0.348880	0.260680	0.381010	0.527120	115
interaE	ValidationSet	194.168380	0.347710	0.258340	0.380950	0.527830	116
interaE	ValidationSet	192.492640	0.351580	0.264300	0.382780	0.528140	117
interaE	ValidationSet	196.051550	0.350370	0.262930	0.382320	0.528260	118
interaE	ValidationSet	191.356200	0.350010	0.261620	0.381180	0.527830	119
interaE	ValidationSet	195.788310	0.348880	0.260020	0.381860	0.527630	120
interaE	ValidationSet	195.652920	0.351100	0.262930	0.383750	0.528630	121
interaE	ValidationSet	191.263990	0.350150	0.261710	0.383260	0.528570	122
interaE	ValidationSet	194.838440	0.349020	0.260790	0.380130	0.528890	123
interaE	ValidationSet	195.596350	0.351580	0.263360	0.383380	0.530310	124
interaE	ValidationSet	197.504790	0.350630	0.262700	0.382490	0.531050	125
interaE	ValidationSet	193.744910	0.350800	0.261220	0.385800	0.531940	126
interaE	ValidationSet	195.496520	0.350970	0.262620	0.383460	0.529060	127
interaE	ValidationSet	195.380270	0.350870	0.262650	0.383630	0.529800	128
interaE	ValidationSet	194.721100	0.349020	0.260820	0.380580	0.526830	129
interaE	ValidationSet	194.476530	0.349540	0.260450	0.383290	0.529280	130
interaE	ValidationSet	192.888280	0.350800	0.262820	0.382720	0.528800	131
interaE	ValidationSet	192.636240	0.350850	0.262590	0.383550	0.529310	132
interaE	ValidationSet	191.838270	0.349720	0.261900	0.380810	0.527690	133
interaE	ValidationSet	192.085510	0.352890	0.265240	0.383260	0.530620	134
interaE	ValidationSet	188.959400	0.351940	0.264210	0.383520	0.528660	135
interaE	ValidationSet	189.949590	0.350770	0.263130	0.381580	0.528170	136
interaE	ValidationSet	193.821980	0.351940	0.264300	0.383260	0.528540	137
interaE	ValidationSet	194.480330	0.350840	0.263160	0.382890	0.528690	138
interaE	ValidationSet	195.036010	0.352840	0.264500	0.384690	0.530110	139
interaE	ValidationSet	193.689510	0.351350	0.262500	0.384030	0.529340	140
interaE	ValidationSet	197.512690	0.351540	0.263360	0.384230	0.529170	141
interaE	ValidationSet	194.041630	0.354310	0.266350	0.385910	0.531770	142
interaE	ValidationSet	195.851780	0.352170	0.263360	0.385230	0.530170	143
interaE	ValidationSet	193.830650	0.353100	0.264210	0.387230	0.531790	144
interaE	ValidationSet	192.530570	0.352260	0.265040	0.384200	0.530340	145
interaE	ValidationSet	193.462220	0.352520	0.264810	0.384400	0.529510	146
interaE	ValidationSet	191.892240	0.352880	0.264810	0.383460	0.529400	147
interaE	ValidationSet	189.170520	0.353590	0.265530	0.385510	0.529680	148
interaE	ValidationSet	192.535760	0.352850	0.264730	0.386030	0.530680	149
interaE	ValidationSet	192.087450	0.353710	0.265870	0.383720	0.531020	150
interaE	ValidationSet	191.151980	0.352170	0.264300	0.383320	0.529230	151
interaE	ValidationSet	196.193130	0.353810	0.266010	0.386030	0.530850	152
interaE	ValidationSet	188.292190	0.353250	0.264100	0.385770	0.532160	153
interaE	ValidationSet	192.413630	0.355410	0.266920	0.387280	0.535160	154
interaE	ValidationSet	192.046650	0.353140	0.264130	0.385170	0.533480	155
interaE	ValidationSet	192.350670	0.353640	0.264410	0.385660	0.534050	156
interaE	ValidationSet	193.709150	0.355230	0.266870	0.386770	0.533300	157
interaE	ValidationSet	189.567580	0.354280	0.265100	0.386600	0.534270	158
interaE	ValidationSet	193.044280	0.353340	0.264670	0.384200	0.534130	159
interaE	ValidationSet	194.498750	0.355230	0.267040	0.387250	0.533700	160
interaE	ValidationSet	192.189160	0.356070	0.268860	0.386940	0.533500	161
interaE	ValidationSet	194.514460	0.354120	0.265700	0.386060	0.531960	162
interaE	ValidationSet	193.239750	0.354200	0.265330	0.385890	0.534220	163
interaE	ValidationSet	195.267660	0.353960	0.265270	0.385710	0.532680	164
interaE	ValidationSet	191.656600	0.353160	0.264870	0.384460	0.531280	165
interaE	ValidationSet	193.223470	0.354540	0.265500	0.386910	0.532990	166
interaE	ValidationSet	192.222640	0.354070	0.265810	0.385660	0.533360	167
interaE	ValidationSet	195.203510	0.353390	0.264700	0.384550	0.532650	168
interaE	ValidationSet	191.334530	0.354730	0.265640	0.388420	0.533730	169
interaE	ValidationSet	194.238640	0.353210	0.264210	0.384970	0.533360	170
interaE	ValidationSet	191.895840	0.354130	0.265180	0.387450	0.532160	171
interaE	ValidationSet	193.954580	0.355850	0.268260	0.386830	0.533420	172
interaE	ValidationSet	197.181070	0.355540	0.266890	0.387970	0.535960	173
interaE	ValidationSet	192.097690	0.355220	0.266980	0.386200	0.534220	174
interaE	ValidationSet	192.409320	0.354690	0.266010	0.386910	0.534100	175
interaE	ValidationSet	194.279670	0.353970	0.266610	0.383920	0.533020	176
interaE	ValidationSet	195.767040	0.355050	0.266980	0.386770	0.534820	177
interaE	ValidationSet	194.274340	0.354810	0.266780	0.385400	0.532990	178
interaE	ValidationSet	189.007010	0.355750	0.266670	0.387650	0.538720	179
interaE	ValidationSet	189.047080	0.355780	0.266950	0.389280	0.535070	180
interaE	ValidationSet	191.750500	0.353710	0.265440	0.386260	0.533530	181
interaE	ValidationSet	192.448220	0.353730	0.264270	0.386600	0.535590	182
interaE	ValidationSet	197.149270	0.354450	0.266920	0.385340	0.532110	183
interaE	ValidationSet	190.813090	0.354120	0.265550	0.385890	0.534420	184
interaE	ValidationSet	188.553520	0.354640	0.265500	0.387030	0.536470	185
interaE	ValidationSet	191.667690	0.354200	0.265500	0.385460	0.535160	186
interaE	ValidationSet	191.881580	0.353740	0.265070	0.384970	0.533160	187
interaE	ValidationSet	197.924730	0.351830	0.262020	0.384880	0.532370	187
interaE	ValidationSet	4984.870540	0.018360	0.005700	0.017390	0.039460	0
interaE	ValidationSet	4664.759080	0.016310	0.001910	0.016200	0.044850	1
interaE	ValidationSet	4752.139580	0.018650	0.005620	0.018190	0.039950	2
interaE	ValidationSet	4378.438950	0.018010	0.005050	0.017850	0.041030	3
interaE	ValidationSet	4168.967550	0.023910	0.006050	0.025180	0.060960	4
interaE	ValidationSet	3723.570970	0.026850	0.007980	0.024290	0.060650	5
interaE	ValidationSet	3319.054380	0.060030	0.035590	0.065530	0.106020	6
interaE	ValidationSet	2629.945140	0.122310	0.088170	0.129460	0.190880	7
interaE	ValidationSet	1684.563930	0.154300	0.108640	0.165950	0.243480	8
interaE	ValidationSet	909.509980	0.181880	0.130420	0.195300	0.280720	9
interaE	ValidationSet	677.913770	0.205390	0.148500	0.219130	0.317740	10
interaE	ValidationSet	521.435700	0.219770	0.156320	0.239860	0.342000	11
interaE	ValidationSet	477.661990	0.229620	0.164330	0.249190	0.359110	12
interaE	ValidationSet	411.320960	0.241000	0.172680	0.262960	0.374450	13
interaE	ValidationSet	378.896350	0.247180	0.177300	0.268860	0.386310	14
interaE	ValidationSet	342.926860	0.258910	0.187310	0.281090	0.399600	15
interaE	ValidationSet	323.919480	0.267330	0.195380	0.290850	0.409240	16
interaE	ValidationSet	308.103850	0.267830	0.194380	0.291930	0.411060	17
interaE	ValidationSet	296.203480	0.276550	0.202480	0.299060	0.422780	18
interaE	ValidationSet	275.378300	0.281050	0.206270	0.304650	0.428370	19
interaE	ValidationSet	278.422160	0.285130	0.209950	0.307390	0.435410	20
interaE	ValidationSet	269.428230	0.288870	0.212860	0.313660	0.438950	21
interaE	ValidationSet	269.126690	0.290930	0.214830	0.314570	0.442170	22
interaE	ValidationSet	270.272740	0.292330	0.215600	0.316310	0.443740	23
interaE	ValidationSet	258.097980	0.294950	0.216740	0.319820	0.449620	24
interaE	ValidationSet	250.874220	0.298430	0.219280	0.325010	0.454690	25
interaE	ValidationSet	254.817620	0.298560	0.219420	0.324840	0.454720	26
interaE	ValidationSet	245.998490	0.304890	0.225180	0.329630	0.463700	27
interaE	ValidationSet	240.039150	0.305420	0.226150	0.331220	0.463420	28
interaE	ValidationSet	234.098200	0.307550	0.227630	0.333390	0.466350	29
interaE	ValidationSet	241.677160	0.306080	0.226150	0.332390	0.465040	30
interaE	ValidationSet	227.375820	0.309370	0.230000	0.334020	0.470970	31
interaE	ValidationSet	229.778210	0.310050	0.227940	0.338070	0.472770	32
interaE	ValidationSet	229.777820	0.313330	0.232390	0.339040	0.478130	33
interaE	ValidationSet	231.026550	0.315840	0.234330	0.343140	0.476500	34
interaE	ValidationSet	228.345850	0.316860	0.234820	0.344850	0.481720	35
interaE	ValidationSet	227.626860	0.318950	0.237920	0.345220	0.483010	36
interaE	ValidationSet	221.556830	0.318250	0.235670	0.346420	0.483950	37
interaE	ValidationSet	214.203760	0.321320	0.239520	0.349590	0.485290	38
interaE	ValidationSet	220.114830	0.322240	0.238780	0.349130	0.490560	39
interaE	ValidationSet	223.222300	0.322340	0.238040	0.351300	0.489560	40
interaE	ValidationSet	219.318360	0.322250	0.238120	0.351150	0.488880	41
interaE	ValidationSet	222.361760	0.323520	0.240150	0.351240	0.492810	42
interaE	ValidationSet	218.780950	0.325220	0.240180	0.353580	0.495380	43
interaE	ValidationSet	215.392440	0.326310	0.240320	0.356600	0.499570	44
interaE	ValidationSet	212.145170	0.327100	0.242170	0.356000	0.497800	45
interaE	ValidationSet	218.072880	0.327790	0.242690	0.357400	0.498830	46
interaE	ValidationSet	215.233530	0.329220	0.244050	0.360390	0.499800	47
interaE	ValidationSet	213.709210	0.329410	0.244340	0.358450	0.498830	48
interaE	ValidationSet	212.951470	0.329380	0.243430	0.359450	0.500030	49
interaE	ValidationSet	209.743600	0.331070	0.245910	0.360450	0.501250	50
interaE	ValidationSet	213.757660	0.328800	0.242910	0.358800	0.499800	51
interaE	ValidationSet	205.848530	0.333960	0.247790	0.365270	0.507390	52
interaE	ValidationSet	208.789340	0.332700	0.244540	0.366810	0.505760	53
interaE	ValidationSet	205.908070	0.331330	0.243800	0.361560	0.506590	54
interaE	ValidationSet	205.753290	0.333830	0.247280	0.363620	0.508330	55
interaE	ValidationSet	205.972680	0.336560	0.249500	0.368180	0.511090	56
interaE	ValidationSet	200.112460	0.336050	0.248670	0.367520	0.510120	57
interaE	ValidationSet	206.056970	0.336020	0.249020	0.367180	0.510210	58
interaE	ValidationSet	202.135240	0.337290	0.248990	0.369770	0.513060	59
interaE	ValidationSet	200.711410	0.336710	0.248990	0.368720	0.511690	60
interaE	ValidationSet	205.968150	0.337070	0.249360	0.369490	0.510320	61
interaE	ValidationSet	214.225660	0.338680	0.250700	0.371430	0.511610	62
interaE	ValidationSet	199.472480	0.338210	0.250760	0.369860	0.514340	63
interaE	ValidationSet	203.602400	0.338650	0.250900	0.369150	0.516220	64
interaE	ValidationSet	207.697860	0.340740	0.253640	0.372630	0.512600	65
interaE	ValidationSet	205.009010	0.341340	0.253440	0.373450	0.515510	66
interaE	ValidationSet	201.807210	0.341480	0.253380	0.376390	0.516280	67
interaE	ValidationSet	200.820760	0.341700	0.254690	0.374250	0.514940	68
interaE	ValidationSet	210.413230	0.341580	0.252410	0.374570	0.519160	69
interaE	ValidationSet	210.081860	0.342650	0.254320	0.374370	0.518710	70
interaE	ValidationSet	207.703910	0.344040	0.256170	0.375560	0.519020	71
interaE	ValidationSet	218.478160	0.342980	0.255320	0.374790	0.518110	72
interaE	ValidationSet	215.104560	0.340110	0.251730	0.372110	0.516570	73
interaE	ValidationSet	218.076560	0.340980	0.252500	0.373910	0.518020	74
interaE	ValidationSet	194.800310	0.344960	0.256260	0.377990	0.523040	75
interaE	ValidationSet	210.479640	0.346120	0.258400	0.378670	0.519730	76
interaE	ValidationSet	198.539260	0.344480	0.256890	0.375760	0.518850	77
interaE	ValidationSet	201.243430	0.343210	0.255950	0.375930	0.515430	78
interaE	ValidationSet	212.708070	0.344400	0.257600	0.375050	0.518250	79
interaE	ValidationSet	215.866100	0.344200	0.255630	0.377590	0.522130	80
interaE	ValidationSet	212.964410	0.345070	0.257230	0.377500	0.521470	81
interaE	ValidationSet	202.732310	0.345170	0.256340	0.377160	0.522070	82
interaE	ValidationSet	209.863640	0.347920	0.261110	0.379500	0.521560	83
interaE	ValidationSet	211.394380	0.347840	0.259710	0.379700	0.521760	84
interaE	ValidationSet	210.014710	0.345950	0.256830	0.380380	0.523410	85
interaE	ValidationSet	205.654720	0.346800	0.259170	0.379300	0.521300	86
interaE	ValidationSet	203.989960	0.346940	0.258630	0.379980	0.523500	87
interaE	ValidationSet	206.618510	0.346510	0.257680	0.379380	0.525350	88
interaE	ValidationSet	211.864730	0.347500	0.258650	0.381150	0.524690	89
interaE	ValidationSet	203.708950	0.348090	0.260110	0.380040	0.522900	90
interaE	ValidationSet	208.208160	0.348380	0.260560	0.379500	0.526320	91
interaE	ValidationSet	204.528800	0.348110	0.260510	0.379500	0.523640	92
interaE	ValidationSet	198.769550	0.347280	0.258430	0.380270	0.525860	93
interaE	ValidationSet	204.713260	0.347920	0.259450	0.379730	0.524180	94
interaE	ValidationSet	205.946910	0.349790	0.260760	0.383600	0.527540	95
interaE	ValidationSet	204.765530	0.349160	0.259740	0.384200	0.526230	96
interaE	ValidationSet	206.263300	0.348300	0.258340	0.382660	0.526230	97
interaE	ValidationSet	207.556460	0.348750	0.260740	0.381320	0.524640	98
interaE	ValidationSet	205.689250	0.350410	0.262160	0.382120	0.527970	99
interaE	ValidationSet	206.153980	0.348750	0.260340	0.381780	0.526350	100
interaE	ValidationSet	213.521210	0.351680	0.263790	0.384030	0.526890	101
interaE	ValidationSet	212.249620	0.349930	0.261710	0.382380	0.524380	102
interaE	ValidationSet	204.692700	0.349480	0.260910	0.383550	0.525830	103
interaE	ValidationSet	212.351810	0.349880	0.261530	0.382290	0.526350	104
interaE	ValidationSet	211.928090	0.349390	0.261510	0.381840	0.523670	105
interaE	ValidationSet	213.892730	0.349610	0.260850	0.382980	0.527060	106
interaE	ValidationSet	207.472000	0.351260	0.262850	0.383690	0.528970	107
interaE	ValidationSet	208.446420	0.351830	0.262790	0.386400	0.529710	108
interaE	ValidationSet	212.534360	0.350990	0.263820	0.382660	0.525460	109
interaE	ValidationSet	206.068040	0.352190	0.264270	0.383720	0.528430	110
interaE	ValidationSet	208.052270	0.351810	0.262730	0.387280	0.531000	111
interaE	ValidationSet	204.942490	0.350860	0.262500	0.383210	0.529110	112
interaE	ValidationSet	203.141090	0.351320	0.261820	0.384460	0.530570	113
interaE	ValidationSet	204.719790	0.350960	0.262300	0.383890	0.529370	114
interaE	ValidationSet	204.681840	0.350800	0.262130	0.383660	0.529030	115
interaE	ValidationSet	198.711180	0.350810	0.261960	0.383890	0.530620	116
interaE	ValidationSet	197.958770	0.351750	0.263130	0.384690	0.530200	117
interaE	ValidationSet	206.373850	0.352200	0.263870	0.385430	0.528600	118
interaE	ValidationSet	204.872570	0.351140	0.262650	0.383150	0.530280	119
interaE	ValidationSet	206.498350	0.349970	0.261250	0.383320	0.528400	120
interaE	ValidationSet	203.370800	0.351650	0.262130	0.385690	0.531370	121
interaE	ValidationSet	203.187680	0.353330	0.265300	0.386030	0.531420	122
interaE	ValidationSet	204.689960	0.353110	0.264700	0.385320	0.531570	123
interaE	ValidationSet	208.569690	0.354210	0.266640	0.386140	0.532360	124
interaE	ValidationSet	207.394670	0.354550	0.266810	0.386630	0.532080	125
interaE	ValidationSet	203.560420	0.353670	0.264840	0.387540	0.531570	126
interaE	ValidationSet	206.101140	0.353590	0.263930	0.387430	0.531570	127
interaE	ValidationSet	205.054380	0.354670	0.265550	0.389360	0.533190	128
interaE	ValidationSet	204.838010	0.353460	0.264240	0.387140	0.531880	129
interaE	ValidationSet	206.654630	0.353090	0.263870	0.386400	0.531370	130
interaE	ValidationSet	208.542710	0.351620	0.262730	0.384460	0.532880	131
interaE	ValidationSet	203.725490	0.353740	0.263930	0.387340	0.534160	132
interaE	ValidationSet	204.840600	0.354490	0.265500	0.386430	0.533760	133
interaE	ValidationSet	206.237010	0.353820	0.264130	0.388050	0.532820	134
interaE	ValidationSet	215.887230	0.355570	0.267350	0.387250	0.534790	135
interaE	ValidationSet	206.017140	0.352960	0.263500	0.385460	0.533620	136
interaE	ValidationSet	205.488140	0.357000	0.268890	0.388540	0.534130	137
interaE	ValidationSet	208.019560	0.355370	0.266380	0.388110	0.535870	138
interaE	ValidationSet	215.879810	0.355110	0.265780	0.387910	0.535900	139
interaE	ValidationSet	219.352010	0.354650	0.266180	0.388220	0.532680	140
interaE	ValidationSet	212.911860	0.353810	0.265040	0.386200	0.533560	141
interaE	ValidationSet	204.188940	0.353480	0.264440	0.386110	0.534250	142
interaE	ValidationSet	208.733730	0.355730	0.266920	0.389110	0.533620	143
interaE	ValidationSet	205.276820	0.356090	0.266670	0.390420	0.536410	144
interaE	ValidationSet	205.117310	0.354570	0.265240	0.387340	0.535790	145
interaE	ValidationSet	211.906840	0.355060	0.265530	0.389140	0.533960	146
interaE	ValidationSet	208.929650	0.355520	0.265870	0.389540	0.534700	147
interaE	ValidationSet	205.538920	0.354020	0.265070	0.387620	0.533590	148
interaE	ValidationSet	209.074740	0.355020	0.266270	0.388020	0.534160	149
interaE	ValidationSet	210.369630	0.354470	0.265360	0.388220	0.533820	150
interaE	ValidationSet	205.338980	0.355710	0.266500	0.388370	0.536010	151
interaE	ValidationSet	201.919500	0.354980	0.265840	0.388450	0.535160	152
interaE	ValidationSet	207.042510	0.353800	0.264730	0.386080	0.532480	153
interaE	ValidationSet	207.317960	0.354420	0.264840	0.388680	0.534330	154
interaE	ValidationSet	206.247700	0.354070	0.265010	0.388340	0.532140	155
interaE	ValidationSet	210.306990	0.353040	0.264010	0.385600	0.533110	156
interaE	ValidationSet	215.111950	0.355790	0.266980	0.388650	0.535390	157
interaE	ValidationSet	209.077700	0.354970	0.266700	0.387450	0.534640	158
interaE	ValidationSet	205.939660	0.353830	0.265360	0.385860	0.532930	159
interaE	ValidationSet	208.822550	0.354990	0.266920	0.387540	0.532590	160
interaE	ValidationSet	214.893010	0.354530	0.266550	0.386910	0.531340	161
interaE	ValidationSet	205.986080	0.356440	0.267810	0.388940	0.534420	162
interaE	ValidationSet	203.958540	0.354790	0.264440	0.390360	0.535760	163
interaE	ValidationSet	218.778390	0.351200	0.262260	0.385030	0.529000	163
interaE	ValidationSet	5038.446480	0.023480	0.011630	0.025810	0.043910	0
interaE	ValidationSet	4689.982950	0.026080	0.012770	0.027060	0.051950	1
interaE	ValidationSet	4768.477840	0.026970	0.012800	0.028120	0.057710	2
interaE	ValidationSet	4518.485290	0.020000	0.005160	0.024180	0.043630	3
interaE	ValidationSet	4291.785540	0.024500	0.011120	0.019500	0.050380	4
interaE	ValidationSet	3941.733360	0.031300	0.013540	0.029740	0.070460	5
interaE	ValidationSet	3536.126090	0.064960	0.040690	0.064390	0.118190	6
interaE	ValidationSet	2594.486880	0.115930	0.081470	0.126660	0.180380	7
interaE	ValidationSet	1628.912800	0.147020	0.103420	0.156860	0.233300	8
interaE	ValidationSet	920.033110	0.176950	0.127720	0.186940	0.273280	9
interaE	ValidationSet	709.867040	0.200460	0.143260	0.216820	0.310860	10
interaE	ValidationSet	543.598400	0.216960	0.154260	0.235990	0.338780	11
interaE	ValidationSet	500.857680	0.223320	0.158540	0.242970	0.348730	12
interaE	ValidationSet	413.498430	0.240140	0.172280	0.261560	0.371030	13
interaE	ValidationSet	393.127740	0.249290	0.180550	0.271370	0.384290	14
interaE	ValidationSet	348.431020	0.255620	0.184400	0.279530	0.394410	15
interaE	ValidationSet	337.718790	0.263180	0.191420	0.286480	0.403680	16
interaE	ValidationSet	314.108700	0.268350	0.196520	0.291070	0.408700	17
interaE	ValidationSet	299.190110	0.274060	0.199200	0.297490	0.420440	18
interaE	ValidationSet	286.347310	0.277420	0.202650	0.301820	0.423180	19
interaE	ValidationSet	289.469720	0.283190	0.208350	0.307040	0.431110	20
interaE	ValidationSet	278.723300	0.286780	0.210840	0.311230	0.437670	21
interaE	ValidationSet	272.568610	0.290490	0.214740	0.314600	0.439210	22
interaE	ValidationSet	265.398690	0.291420	0.213970	0.316650	0.443400	23
interaE	ValidationSet	266.495320	0.293890	0.216080	0.319820	0.448500	24
interaE	ValidationSet	255.828090	0.295940	0.217740	0.319790	0.451900	25
interaE	ValidationSet	254.236470	0.297840	0.218990	0.324040	0.452470	26
interaE	ValidationSet	254.469000	0.301500	0.222130	0.326920	0.459770	27
interaE	ValidationSet	250.735930	0.303680	0.223950	0.329800	0.461990	28
interaE	ValidationSet	246.533620	0.306350	0.226970	0.332590	0.464870	29
interaE	ValidationSet	246.956030	0.303380	0.223210	0.328970	0.463330	30
interaE	ValidationSet	241.089340	0.305930	0.224780	0.331940	0.468550	31
interaE	ValidationSet	229.454660	0.306870	0.224950	0.335100	0.470890	32
interaE	ValidationSet	233.389620	0.310740	0.228690	0.338520	0.474020	33
interaE	ValidationSet	233.090790	0.310820	0.228540	0.338890	0.473650	34
interaE	ValidationSet	224.520190	0.312340	0.229460	0.340260	0.477930	35
interaE	ValidationSet	226.580240	0.314280	0.232560	0.341090	0.475620	36
interaE	ValidationSet	232.357510	0.315950	0.233050	0.344030	0.482810	37
interaE	ValidationSet	224.622930	0.315490	0.232310	0.344540	0.481350	38
interaE	ValidationSet	220.206730	0.319260	0.235610	0.347500	0.486000	39
interaE	ValidationSet	230.449730	0.317470	0.234250	0.346190	0.483800	40
interaE	ValidationSet	229.363020	0.319510	0.236300	0.347680	0.484660	41
interaE	ValidationSet	231.519480	0.319880	0.237100	0.346250	0.488450	42
interaE	ValidationSet	225.272880	0.321940	0.238690	0.349300	0.489650	43
interaE	ValidationSet	222.456660	0.324370	0.240260	0.353660	0.493730	44
interaE	ValidationSet	222.196070	0.323750	0.239460	0.351870	0.493980	45
interaE	ValidationSet	215.405160	0.324530	0.239290	0.353380	0.494040	46
interaE	ValidationSet	216.942000	0.328630	0.245310	0.356030	0.498260	47
interaE	ValidationSet	213.142320	0.325850	0.241690	0.355320	0.493780	48
interaE	ValidationSet	219.932680	0.327230	0.241800	0.357370	0.497580	49
interaE	ValidationSet	218.226600	0.326930	0.241940	0.356430	0.495950	50
interaE	ValidationSet	220.414260	0.328150	0.242940	0.358230	0.497150	51
interaE	ValidationSet	217.108900	0.328870	0.243570	0.359540	0.499710	52
interaE	ValidationSet	219.248930	0.330470	0.246020	0.359370	0.500970	53
interaE	ValidationSet	207.679530	0.328780	0.242710	0.357800	0.501200	54
interaE	ValidationSet	214.766700	0.329950	0.245250	0.358250	0.501140	55
interaE	ValidationSet	212.018330	0.330460	0.245110	0.359310	0.501680	56
interaE	ValidationSet	214.521930	0.331660	0.245140	0.363760	0.503620	57
interaE	ValidationSet	208.742830	0.333090	0.248130	0.362080	0.503540	58
interaE	ValidationSet	216.069890	0.332570	0.246760	0.362870	0.503340	59
interaE	ValidationSet	214.113770	0.333300	0.248220	0.362930	0.502790	60
interaE	ValidationSet	211.175880	0.334710	0.248990	0.365750	0.505650	61
interaE	ValidationSet	206.816220	0.335660	0.249930	0.365610	0.505790	62
interaE	ValidationSet	213.161680	0.335480	0.249300	0.367120	0.508440	63
interaE	ValidationSet	201.412180	0.335920	0.249790	0.367380	0.506620	64
interaE	ValidationSet	209.870320	0.336220	0.249960	0.367840	0.508010	65
interaE	ValidationSet	210.775590	0.336080	0.248790	0.368690	0.509920	66
interaE	ValidationSet	213.097320	0.337100	0.249810	0.370030	0.509980	67
interaE	ValidationSet	206.660020	0.336760	0.250380	0.367810	0.507610	68
interaE	ValidationSet	211.324120	0.338120	0.251500	0.367660	0.511830	69
interaE	ValidationSet	210.651700	0.337140	0.249790	0.369630	0.511460	70
interaE	ValidationSet	206.635790	0.338290	0.252120	0.369150	0.510090	71
interaE	ValidationSet	221.458450	0.338210	0.251470	0.368950	0.511290	72
interaE	ValidationSet	200.416970	0.337740	0.251750	0.369520	0.509780	73
interaE	ValidationSet	200.757000	0.339770	0.253120	0.370920	0.513460	74
interaE	ValidationSet	211.874420	0.340330	0.253350	0.371940	0.515260	75
interaE	ValidationSet	197.233560	0.339950	0.253610	0.370000	0.513120	76
interaE	ValidationSet	208.901850	0.339490	0.252440	0.371710	0.514830	77
interaE	ValidationSet	207.101680	0.339370	0.252520	0.370570	0.513030	78
interaE	ValidationSet	205.317910	0.341270	0.254030	0.371600	0.515110	79
interaE	ValidationSet	209.864500	0.339830	0.253260	0.370120	0.514600	80
interaE	ValidationSet	198.975080	0.341150	0.253320	0.373510	0.516220	81
interaE	ValidationSet	204.647900	0.342310	0.255000	0.373570	0.519160	82
interaE	ValidationSet	206.983750	0.343240	0.257200	0.373480	0.514660	83
interaE	ValidationSet	207.353150	0.343770	0.257430	0.374450	0.516880	84
interaE	ValidationSet	207.902680	0.343960	0.256890	0.375310	0.518250	85
interaE	ValidationSet	210.034450	0.342770	0.256060	0.373770	0.516340	86
interaE	ValidationSet	204.827940	0.344250	0.257230	0.375340	0.519900	87
interaE	ValidationSet	203.756090	0.341640	0.255200	0.370150	0.517820	88
interaE	ValidationSet	200.420700	0.343550	0.255630	0.374390	0.519930	89
interaE	ValidationSet	202.583210	0.343750	0.257140	0.373800	0.518530	90
interaE	ValidationSet	201.349130	0.343750	0.256290	0.375510	0.519790	91
interaE	ValidationSet	201.896720	0.344460	0.256660	0.375930	0.519620	92
interaE	ValidationSet	203.690790	0.344340	0.256720	0.375360	0.519730	93
interaE	ValidationSet	204.723320	0.343420	0.254860	0.375710	0.519900	94
interaE	ValidationSet	210.443710	0.343380	0.255180	0.375680	0.520470	95
interaE	ValidationSet	220.564670	0.344770	0.258250	0.374110	0.520620	96
interaE	ValidationSet	200.143310	0.345690	0.257260	0.377700	0.522870	97
interaE	ValidationSet	200.234840	0.345360	0.258060	0.376790	0.521360	98
interaE	ValidationSet	204.341260	0.345630	0.257740	0.376700	0.522900	99
interaE	ValidationSet	203.948220	0.345790	0.258230	0.376650	0.520330	100
interaE	ValidationSet	203.167610	0.346980	0.258370	0.380610	0.523150	101
interaE	ValidationSet	204.784740	0.345080	0.257000	0.377050	0.521360	102
interaE	ValidationSet	204.623010	0.343910	0.255920	0.375880	0.520300	103
interaE	ValidationSet	207.791530	0.344880	0.256140	0.377790	0.521160	104
interaE	ValidationSet	208.909120	0.347250	0.260280	0.377620	0.521960	105
interaE	ValidationSet	197.273880	0.346840	0.258940	0.379040	0.523070	106
interaE	ValidationSet	203.007470	0.348240	0.260880	0.380470	0.524470	107
interaE	ValidationSet	208.494330	0.347620	0.260110	0.377960	0.525320	108
interaE	ValidationSet	203.288110	0.347710	0.260190	0.378900	0.522980	109
interaE	ValidationSet	200.107360	0.347820	0.259790	0.379410	0.525780	110
interaE	ValidationSet	211.078760	0.349130	0.261020	0.381240	0.527660	111
interaE	ValidationSet	201.654920	0.347960	0.259000	0.381350	0.525040	112
interaE	ValidationSet	202.805900	0.347890	0.259570	0.380840	0.525520	113
interaE	ValidationSet	202.130050	0.348900	0.260020	0.381670	0.526690	114
interaE	ValidationSet	202.508330	0.347250	0.258400	0.380520	0.525780	115
interaE	ValidationSet	200.288650	0.348550	0.259450	0.382010	0.528510	116
interaE	ValidationSet	204.182010	0.349680	0.261650	0.382350	0.525860	117
interaE	ValidationSet	208.761280	0.347630	0.259340	0.379700	0.524010	118
interaE	ValidationSet	202.657290	0.350010	0.261650	0.382240	0.527970	119
interaE	ValidationSet	204.849390	0.349580	0.261560	0.381290	0.525610	120
interaE	ValidationSet	202.399000	0.350020	0.262080	0.380700	0.528660	121
interaE	ValidationSet	206.320990	0.350080	0.260960	0.384370	0.529060	122
interaE	ValidationSet	201.853860	0.351380	0.263270	0.383150	0.527940	123
interaE	ValidationSet	207.061990	0.350440	0.262730	0.381640	0.527920	124
interaE	ValidationSet	202.278190	0.348930	0.259910	0.381180	0.526490	125
interaE	ValidationSet	204.948620	0.349960	0.262100	0.381810	0.525290	126
interaE	ValidationSet	204.561080	0.348350	0.260050	0.379870	0.525460	127
interaE	ValidationSet	204.591900	0.349990	0.261220	0.381470	0.527350	128
interaE	ValidationSet	201.705300	0.350150	0.260960	0.382830	0.528570	129
interaE	ValidationSet	203.540800	0.349380	0.260340	0.382550	0.528770	130
interaE	ValidationSet	199.541400	0.351460	0.263960	0.381980	0.528090	131
interaE	ValidationSet	204.087740	0.350320	0.261020	0.383010	0.529540	132
interaE	ValidationSet	201.407960	0.351590	0.263840	0.382920	0.528570	133
interaE	ValidationSet	204.167580	0.350450	0.261310	0.383830	0.528970	134
interaE	ValidationSet	206.881320	0.350550	0.261390	0.382690	0.530710	135
interaE	ValidationSet	196.139090	0.352700	0.265040	0.382150	0.530570	136
interaE	ValidationSet	205.536730	0.350960	0.263620	0.382150	0.527940	137
interaE	ValidationSet	201.468260	0.350080	0.261560	0.381290	0.528510	138
interaE	ValidationSet	200.729480	0.350960	0.261730	0.383430	0.529600	139
interaE	ValidationSet	205.387080	0.352560	0.264760	0.383180	0.531220	140
interaE	ValidationSet	205.242740	0.351350	0.262760	0.383780	0.528290	141
interaE	ValidationSet	207.517940	0.351530	0.263270	0.382490	0.528940	142
interaE	ValidationSet	210.783630	0.352090	0.263790	0.384740	0.529200	143
interaE	ValidationSet	200.854720	0.351320	0.260820	0.385430	0.531850	144
interaE	ValidationSet	213.375280	0.350250	0.260940	0.383750	0.529230	145
interaE	ValidationSet	206.556320	0.351570	0.262330	0.382890	0.529480	146
interaE	ValidationSet	207.476020	0.351990	0.263670	0.384030	0.530170	147
interaE	ValidationSet	204.432110	0.351280	0.261680	0.384230	0.530230	148
interaE	ValidationSet	200.656290	0.350990	0.260960	0.384740	0.531050	149
interaE	ValidationSet	204.251500	0.351130	0.262360	0.382920	0.528690	150
interaE	ValidationSet	203.523610	0.351860	0.263440	0.382290	0.532730	151
interaE	ValidationSet	203.668210	0.350290	0.261220	0.381440	0.530850	152
interaE	ValidationSet	207.415080	0.350760	0.261850	0.382180	0.531110	153
interaE	ValidationSet	205.269090	0.353030	0.263730	0.385230	0.532450	154
interaE	ValidationSet	206.424270	0.351390	0.262700	0.383580	0.529280	155
interaE	ValidationSet	205.776360	0.353160	0.263900	0.386770	0.531570	156
interaE	ValidationSet	205.800880	0.352840	0.264100	0.385140	0.530480	157
interaE	ValidationSet	201.891500	0.352060	0.262390	0.384430	0.532680	158
interaE	ValidationSet	200.202820	0.350850	0.261280	0.383630	0.530030	159
interaE	ValidationSet	206.352210	0.352760	0.263130	0.385910	0.531990	160
interaE	ValidationSet	203.511800	0.352090	0.262020	0.384830	0.532710	161
interaE	ValidationSet	203.321300	0.353390	0.264300	0.387080	0.531370	162
interaE	ValidationSet	202.308700	0.351970	0.262960	0.383720	0.530880	163
interaE	ValidationSet	207.165640	0.351540	0.262820	0.383400	0.528400	164
interaE	ValidationSet	204.394980	0.353040	0.263790	0.386060	0.530850	165
interaE	ValidationSet	206.298350	0.353260	0.265070	0.383890	0.530480	166
interaE	ValidationSet	206.139320	0.353580	0.264440	0.386630	0.531650	167
interaE	ValidationSet	204.380500	0.353020	0.263500	0.386540	0.531250	168
interaE	ValidationSet	204.704930	0.352230	0.262650	0.385340	0.532510	169
interaE	ValidationSet	207.920990	0.353000	0.263990	0.385430	0.530230	170
interaE	ValidationSet	201.085660	0.351910	0.263270	0.383380	0.531280	171
interaE	ValidationSet	203.513490	0.353400	0.264700	0.384630	0.531590	172
interaE	ValidationSet	207.981290	0.354270	0.265270	0.386850	0.532760	173
interaE	ValidationSet	206.491270	0.354050	0.265070	0.386680	0.533850	174
interaE	ValidationSet	202.138550	0.352500	0.263700	0.384290	0.532510	175
interaE	ValidationSet	206.704620	0.352500	0.263730	0.383890	0.532160	176
interaE	ValidationSet	209.492100	0.353420	0.264300	0.386540	0.532760	177
interaE	ValidationSet	204.963760	0.354650	0.266350	0.386570	0.531570	178
interaE	ValidationSet	200.780750	0.352530	0.263300	0.384660	0.531910	179
interaE	ValidationSet	206.715030	0.354910	0.266350	0.385510	0.534100	180
interaE	ValidationSet	201.472630	0.352430	0.262420	0.384800	0.533620	181
interaE	ValidationSet	201.358110	0.353660	0.263190	0.388170	0.535560	182
interaE	ValidationSet	205.628460	0.354890	0.265750	0.388450	0.533280	183
interaE	ValidationSet	206.594750	0.355110	0.266320	0.387450	0.532880	184
interaE	ValidationSet	207.358060	0.353530	0.264160	0.386060	0.533130	185
interaE	ValidationSet	209.241030	0.354760	0.266840	0.386630	0.532910	186
interaE	ValidationSet	210.839890	0.351350	0.262760	0.381670	0.531110	187
interaE	ValidationSet	214.388080	0.354330	0.265180	0.386260	0.533930	188
interaE	ValidationSet	202.840720	0.353160	0.264470	0.383030	0.533300	189
interaE	ValidationSet	209.491760	0.354530	0.266270	0.385510	0.530680	190
interaE	ValidationSet	206.674020	0.354770	0.265360	0.387620	0.532760	191
interaE	ValidationSet	205.620070	0.353950	0.264640	0.386480	0.532530	192
interaE	ValidationSet	206.359370	0.354040	0.265010	0.386710	0.533330	193
interaE	ValidationSet	207.978700	0.353660	0.264390	0.385510	0.533530	194
interaE	ValidationSet	203.748220	0.355300	0.265550	0.388570	0.533820	195
interaE	ValidationSet	207.678610	0.355810	0.267180	0.387510	0.534870	196
interaE	ValidationSet	213.629770	0.352780	0.263240	0.386630	0.531960	197
interaE	ValidationSet	205.777820	0.354220	0.265270	0.386570	0.532620	198
interaE	ValidationSet	207.120870	0.353650	0.264870	0.385120	0.531590	199
interaE	ValidationSet	207.212200	0.354950	0.266550	0.387140	0.534270	200
interaE	ValidationSet	205.691160	0.353070	0.263700	0.385910	0.534050	201
interaE	ValidationSet	205.249990	0.354860	0.266470	0.385630	0.533250	202
interaE	ValidationSet	212.205760	0.354340	0.266270	0.384550	0.533220	203
interaE	ValidationSet	207.594950	0.353870	0.265270	0.385460	0.532730	204
interaE	ValidationSet	202.758230	0.353360	0.263420	0.386110	0.535240	205
interaE	ValidationSet	205.799630	0.353540	0.264390	0.384940	0.533820	206
interaE	ValidationSet	206.880870	0.354220	0.264870	0.388250	0.532420	207
interaE	ValidationSet	202.822300	0.355740	0.266720	0.388050	0.534560	208
interaE	ValidationSet	204.499090	0.353730	0.263730	0.387370	0.533300	209
interaE	ValidationSet	203.946850	0.354580	0.265700	0.387400	0.532820	210
interaE	ValidationSet	210.986970	0.354620	0.265010	0.386970	0.534300	211
interaE	ValidationSet	204.879240	0.355200	0.266040	0.387450	0.534590	212
interaE	ValidationSet	207.102450	0.355290	0.267240	0.386770	0.534250	213
interaE	ValidationSet	207.989850	0.354070	0.265440	0.384800	0.533390	214
interaE	ValidationSet	208.089020	0.354090	0.265210	0.385260	0.535930	215
interaE	ValidationSet	212.132880	0.354710	0.266070	0.386080	0.533480	216
interaE	ValidationSet	210.793560	0.353770	0.265100	0.385510	0.531170	217
interaE	ValidationSet	207.768950	0.354040	0.264210	0.385860	0.536380	218
interaE	ValidationSet	208.687400	0.353970	0.265580	0.385740	0.531370	219
interaE	ValidationSet	207.454380	0.355560	0.266120	0.389080	0.535900	220
interaE	ValidationSet	207.339550	0.354680	0.265380	0.387680	0.534070	221
interaE	ValidationSet	209.863670	0.355200	0.266380	0.386510	0.534190	222
interaE	ValidationSet	221.003220	0.349140	0.257650	0.384150	0.530690	222
interaE	ValidationSet	4934.675930	0.017580	0.005900	0.019500	0.040060	0
interaE	ValidationSet	4659.807470	0.014760	0.000510	0.015280	0.046420	1
interaE	ValidationSet	4826.517540	0.015030	0.004480	0.012750	0.039260	2
interaE	ValidationSet	4350.872600	0.027730	0.010980	0.029650	0.055550	3
interaE	ValidationSet	4106.789080	0.038340	0.020640	0.043430	0.065580	4
interaE	ValidationSet	3653.649240	0.045260	0.025320	0.045390	0.081150	5
interaE	ValidationSet	3069.074480	0.089060	0.056570	0.103960	0.144110	6
interaE	ValidationSet	2325.617650	0.134820	0.098600	0.143970	0.206900	7
interaE	ValidationSet	1326.040890	0.162330	0.113000	0.174990	0.257680	8
interaE	ValidationSet	889.004700	0.192540	0.137640	0.207760	0.297550	9
interaE	ValidationSet	732.234220	0.208270	0.148850	0.224290	0.325320	10
interaE	ValidationSet	545.576620	0.224440	0.160620	0.243430	0.348250	11
interaE	ValidationSet	505.873940	0.231420	0.167090	0.250070	0.358940	12
interaE	ValidationSet	426.506050	0.244530	0.176300	0.266040	0.377700	13
interaE	ValidationSet	385.279750	0.252330	0.182950	0.273310	0.388510	14
interaE	ValidationSet	340.468010	0.261770	0.189680	0.284600	0.404850	15
interaE	ValidationSet	324.619790	0.269380	0.197260	0.291420	0.411920	16
interaE	ValidationSet	312.756720	0.272950	0.198920	0.297460	0.417590	17
interaE	ValidationSet	293.881470	0.278040	0.203250	0.302940	0.425720	18
interaE	ValidationSet	293.971740	0.283610	0.208180	0.307470	0.433300	19
interaE	ValidationSet	278.482550	0.287570	0.212230	0.311520	0.436980	20
interaE	ValidationSet	267.559250	0.289020	0.211430	0.314030	0.442690	21
interaE	ValidationSet	261.497060	0.290810	0.212520	0.316170	0.445650	22
interaE	ValidationSet	264.800740	0.293350	0.214030	0.319480	0.449500	23
interaE	ValidationSet	258.080840	0.296660	0.217540	0.322950	0.453150	24
interaE	ValidationSet	244.944940	0.298730	0.218730	0.324690	0.456260	25
interaE	ValidationSet	240.945650	0.299630	0.220070	0.323840	0.460050	26
interaE	ValidationSet	249.259250	0.306030	0.225950	0.333080	0.465360	27
interaE	ValidationSet	241.157740	0.306570	0.225010	0.333080	0.470230	28
interaE	ValidationSet	232.344030	0.309510	0.227690	0.335560	0.473420	29
interaE	ValidationSet	232.964980	0.309720	0.229140	0.334620	0.472910	30
interaE	ValidationSet	227.393070	0.311980	0.230200	0.339780	0.475620	31
interaE	ValidationSet	221.535900	0.312000	0.228800	0.340260	0.478980	32
interaE	ValidationSet	222.603910	0.315590	0.232050	0.344280	0.483460	33
interaE	ValidationSet	218.605590	0.316200	0.232760	0.343770	0.482320	34
interaE	ValidationSet	234.107070	0.318340	0.235270	0.345570	0.484170	35
interaE	ValidationSet	215.414140	0.317870	0.233110	0.346910	0.486830	36
interaE	ValidationSet	218.034730	0.319260	0.235610	0.347280	0.486830	37
interaE	ValidationSet	210.875910	0.320810	0.236530	0.349870	0.489820	38
interaE	ValidationSet	209.999140	0.324810	0.241350	0.352670	0.493240	39
interaE	ValidationSet	207.570030	0.324950	0.240120	0.353610	0.495210	40
interaE	ValidationSet	209.216600	0.324380	0.239750	0.353920	0.493130	41
interaE	ValidationSet	209.616620	0.326530	0.241320	0.357170	0.495810	42
interaE	ValidationSet	195.504790	0.327390	0.241430	0.356800	0.499460	43
interaE	ValidationSet	196.302170	0.328850	0.242230	0.360650	0.501820	44
interaE	ValidationSet	199.936040	0.328480	0.243000	0.358570	0.501510	45
interaE	ValidationSet	193.434730	0.330290	0.244680	0.360220	0.499370	46
interaE	ValidationSet	202.872740	0.329720	0.244450	0.359940	0.499430	47
interaE	ValidationSet	201.482630	0.332400	0.247330	0.361960	0.501540	48
interaE	ValidationSet	201.005850	0.331580	0.245970	0.363160	0.500170	49
interaE	ValidationSet	201.960960	0.333600	0.248160	0.364070	0.505080	50
interaE	ValidationSet	203.377450	0.331850	0.245250	0.362560	0.504650	51
interaE	ValidationSet	206.954120	0.334410	0.247330	0.366720	0.507730	52
interaE	ValidationSet	201.671860	0.334030	0.247190	0.366010	0.507330	53
interaE	ValidationSet	198.824840	0.331060	0.244230	0.362220	0.505560	54
interaE	ValidationSet	205.141260	0.335190	0.248390	0.366980	0.508780	55
interaE	ValidationSet	196.695010	0.338000	0.251350	0.368720	0.510150	56
interaE	ValidationSet	198.101430	0.335510	0.247880	0.368520	0.511860	57
interaE	ValidationSet	197.545110	0.338130	0.251700	0.368520	0.511630	58
interaE	ValidationSet	198.937720	0.337320	0.250610	0.367350	0.511320	59
interaE	ValidationSet	199.064040	0.337860	0.250700	0.369180	0.512400	60
interaE	ValidationSet	200.508640	0.338990	0.251920	0.370170	0.513920	61
interaE	ValidationSet	196.789590	0.338990	0.251010	0.371030	0.515880	62
interaE	ValidationSet	195.185830	0.339490	0.252300	0.369600	0.515850	63
interaE	ValidationSet	195.915830	0.338780	0.251070	0.370230	0.515000	64
interaE	ValidationSet	197.380670	0.340550	0.253780	0.370570	0.515650	65
interaE	ValidationSet	195.433280	0.341140	0.253350	0.372680	0.516340	66
interaE	ValidationSet	195.754720	0.340430	0.252870	0.372170	0.516910	67
interaE	ValidationSet	197.731370	0.339990	0.252320	0.371570	0.514940	68
interaE	ValidationSet	199.524150	0.341880	0.254580	0.374310	0.517080	69
interaE	ValidationSet	193.576730	0.341650	0.253860	0.374110	0.517420	70
interaE	ValidationSet	194.025090	0.341380	0.254210	0.372170	0.517190	71
interaE	ValidationSet	196.629600	0.342460	0.256000	0.373200	0.516680	72
interaE	ValidationSet	197.112430	0.342670	0.254920	0.373940	0.520640	73
interaE	ValidationSet	195.926750	0.343310	0.255030	0.376420	0.519500	74
interaE	ValidationSet	194.198260	0.344080	0.254860	0.377530	0.522930	75
interaE	ValidationSet	196.159680	0.343140	0.254690	0.375730	0.521530	76
interaE	ValidationSet	197.961560	0.344380	0.255970	0.376820	0.521700	77
interaE	ValidationSet	196.430820	0.343250	0.255180	0.374680	0.521130	78
interaE	ValidationSet	197.666720	0.345640	0.257910	0.377990	0.521390	79
interaE	ValidationSet	195.119480	0.345180	0.256200	0.377730	0.524890	80
interaE	ValidationSet	195.997320	0.345120	0.257030	0.377050	0.522640	81
interaE	ValidationSet	194.840060	0.346180	0.257090	0.378810	0.524920	82
interaE	ValidationSet	199.137980	0.344050	0.254750	0.377420	0.522730	83
interaE	ValidationSet	195.353890	0.347750	0.259600	0.380840	0.523870	84
interaE	ValidationSet	196.711380	0.348210	0.260390	0.380070	0.524920	85
interaE	ValidationSet	196.422950	0.346890	0.259050	0.377960	0.522930	86
interaE	ValidationSet	192.258680	0.347490	0.259510	0.378470	0.522380	87
interaE	ValidationSet	203.135270	0.345820	0.256720	0.377900	0.525320	88
interaE	ValidationSet	196.953320	0.347410	0.258880	0.379010	0.525860	89
interaE	ValidationSet	194.925720	0.346770	0.258480	0.379670	0.523750	90
interaE	ValidationSet	202.552070	0.347520	0.258800	0.380070	0.526060	91
interaE	ValidationSet	197.313600	0.347450	0.257660	0.382040	0.526580	92
interaE	ValidationSet	198.301480	0.347280	0.258630	0.379640	0.526010	93
interaE	ValidationSet	196.619100	0.347560	0.258110	0.380580	0.528690	94
interaE	ValidationSet	196.187110	0.348130	0.259000	0.380810	0.527720	95
interaE	ValidationSet	197.445970	0.349360	0.260990	0.380700	0.527200	96
interaE	ValidationSet	196.798720	0.349070	0.260220	0.381920	0.528570	97
interaE	ValidationSet	199.245370	0.347820	0.259200	0.380070	0.525260	98
interaE	ValidationSet	198.520070	0.348900	0.260280	0.382240	0.526720	99
interaE	ValidationSet	195.280640	0.349690	0.261310	0.381810	0.526750	100
interaE	ValidationSet	195.140090	0.351480	0.263100	0.383150	0.530510	101
interaE	ValidationSet	194.978390	0.350270	0.261930	0.382920	0.526750	102
interaE	ValidationSet	197.561650	0.349760	0.260960	0.382490	0.527660	103
interaE	ValidationSet	190.137210	0.350140	0.261560	0.382120	0.528090	104
interaE	ValidationSet	205.584890	0.350340	0.262480	0.381890	0.526520	105
interaE	ValidationSet	203.974080	0.349730	0.259510	0.383630	0.529140	106
interaE	ValidationSet	198.071310	0.348720	0.259050	0.383180	0.528540	107
interaE	ValidationSet	197.207330	0.350010	0.260880	0.383580	0.528290	108
interaE	ValidationSet	208.273450	0.348960	0.260960	0.381860	0.525150	109
interaE	ValidationSet	200.400290	0.351180	0.262330	0.384290	0.528690	110
interaE	ValidationSet	202.784550	0.350330	0.261680	0.382610	0.528200	111
interaE	ValidationSet	198.273420	0.352360	0.264270	0.384630	0.529370	112
interaE	ValidationSet	197.182920	0.349670	0.259510	0.383780	0.528340	113
interaE	ValidationSet	202.178360	0.352330	0.263620	0.385090	0.530620	114
interaE	ValidationSet	199.016480	0.350430	0.261560	0.383580	0.529230	115
interaE	ValidationSet	193.073450	0.351440	0.261790	0.384860	0.532220	116
interaE	ValidationSet	200.662930	0.351790	0.262250	0.385800	0.531220	117
interaE	ValidationSet	200.085890	0.351200	0.261900	0.384570	0.529170	118
interaE	ValidationSet	201.632110	0.352370	0.263270	0.384770	0.533220	119
interaE	ValidationSet	205.471290	0.351230	0.261160	0.386170	0.533020	120
interaE	ValidationSet	199.966870	0.352120	0.262820	0.385320	0.530800	121
interaE	ValidationSet	200.643770	0.353100	0.264330	0.385910	0.530250	122
interaE	ValidationSet	204.831450	0.351660	0.262360	0.385460	0.530570	123
interaE	ValidationSet	202.973570	0.351770	0.262620	0.384690	0.530800	124
interaE	ValidationSet	203.334070	0.351620	0.262050	0.386480	0.531450	125
interaE	ValidationSet	204.301540	0.352070	0.264010	0.383860	0.531220	126
interaE	ValidationSet	205.989110	0.351400	0.262100	0.383430	0.531340	127
interaE	ValidationSet	200.101310	0.352550	0.262760	0.386200	0.532990	128
interaE	ValidationSet	202.581690	0.351780	0.263790	0.383780	0.529570	129
interaE	ValidationSet	201.693930	0.351490	0.262390	0.385000	0.531820	130
interaE	ValidationSet	203.288220	0.351240	0.262850	0.383800	0.529310	131
interaE	ValidationSet	203.388650	0.353160	0.263360	0.387480	0.534070	132
interaE	ValidationSet	203.303390	0.352620	0.263220	0.386770	0.531960	133
interaE	ValidationSet	202.844050	0.353160	0.264070	0.385490	0.533680	134
interaE	ValidationSet	205.129260	0.353810	0.264870	0.386660	0.532480	135
interaE	ValidationSet	205.339980	0.353530	0.263840	0.387480	0.535410	136
interaE	ValidationSet	206.608270	0.353520	0.264780	0.386510	0.532960	137
interaE	ValidationSet	205.646190	0.353140	0.263640	0.386310	0.532650	138
interaE	ValidationSet	202.292040	0.353940	0.263670	0.388480	0.534450	139
interaE	ValidationSet	199.327940	0.352780	0.263640	0.387400	0.529540	140
interaE	ValidationSet	201.810460	0.354290	0.264700	0.388310	0.534930	141
interaE	ValidationSet	203.322950	0.351830	0.262160	0.385460	0.532340	142
interaE	ValidationSet	200.743170	0.353490	0.264160	0.386910	0.533620	143
interaE	ValidationSet	205.042830	0.353720	0.264070	0.386880	0.533560	144
interaE	ValidationSet	208.251670	0.351120	0.262250	0.383660	0.531110	145
interaE	ValidationSet	210.579240	0.352900	0.263100	0.387650	0.531050	146
interaE	ValidationSet	206.040210	0.353800	0.264810	0.386570	0.531740	147
interaE	ValidationSet	206.587680	0.353760	0.263330	0.388850	0.533790	148
interaE	ValidationSet	204.246160	0.355060	0.266640	0.387030	0.534250	149
interaE	ValidationSet	208.754430	0.353410	0.264670	0.385290	0.532880	150
interaE	ValidationSet	207.485600	0.354600	0.265180	0.388790	0.533700	151
interaE	ValidationSet	208.804560	0.352640	0.262560	0.387600	0.534220	152
interaE	ValidationSet	212.228260	0.353500	0.263790	0.387880	0.532340	153
interaE	ValidationSet	203.950100	0.354530	0.264590	0.389140	0.534640	154
interaE	ValidationSet	204.179610	0.353040	0.263100	0.386260	0.533280	155
interaE	ValidationSet	203.914740	0.354810	0.265410	0.388000	0.533700	156
interaE	ValidationSet	211.566920	0.353570	0.264130	0.386800	0.533650	157
interaE	ValidationSet	208.375140	0.352980	0.263470	0.387080	0.533930	158
interaE	ValidationSet	206.755770	0.352670	0.262500	0.386910	0.533790	159
interaE	ValidationSet	205.936810	0.355510	0.265640	0.388540	0.536640	160
interaE	ValidationSet	206.740550	0.354290	0.265070	0.389160	0.532730	161
interaE	ValidationSet	209.370170	0.354970	0.265100	0.389360	0.534390	162
interaE	ValidationSet	210.560960	0.355470	0.265840	0.389510	0.534160	163
interaE	ValidationSet	207.925520	0.353820	0.263390	0.388020	0.535560	164
interaE	ValidationSet	206.343090	0.355040	0.266500	0.387200	0.535100	165
interaE	ValidationSet	208.235590	0.355050	0.266010	0.388960	0.532110	166
interaE	ValidationSet	209.089790	0.354540	0.265040	0.389340	0.535160	167
interaE	ValidationSet	206.567610	0.353100	0.263900	0.386600	0.533730	168
interaE	ValidationSet	207.268980	0.354780	0.264610	0.389710	0.534670	169
interaE	ValidationSet	209.690730	0.354540	0.265380	0.387880	0.531850	170
interaE	ValidationSet	210.103450	0.352850	0.262700	0.388220	0.531910	171
interaE	ValidationSet	208.722380	0.352900	0.262500	0.388510	0.533020	172
interaE	ValidationSet	205.395810	0.354390	0.264870	0.387600	0.534960	173
interaE	ValidationSet	209.926630	0.354830	0.265780	0.388310	0.534300	174
interaE	ValidationSet	209.361880	0.354860	0.265210	0.388510	0.535730	175
interaE	ValidationSet	212.663960	0.354730	0.265930	0.388000	0.534070	176
interaE	ValidationSet	207.032160	0.355950	0.266980	0.388850	0.534250	177
interaE	ValidationSet	206.629430	0.354720	0.264440	0.388450	0.534960	178
interaE	ValidationSet	206.807130	0.355440	0.265440	0.389190	0.536610	179
interaE	ValidationSet	210.377470	0.355120	0.266440	0.387880	0.534620	180
interaE	ValidationSet	204.881520	0.354190	0.263730	0.388140	0.534820	181
interaE	ValidationSet	210.825240	0.355710	0.265810	0.389420	0.536930	182
interaE	ValidationSet	207.686940	0.355270	0.265360	0.389590	0.535810	183
interaE	ValidationSet	211.961560	0.355540	0.265810	0.390020	0.535590	184
interaE	ValidationSet	210.756120	0.353840	0.265240	0.385890	0.532140	185
interaE	ValidationSet	209.112860	0.355020	0.265980	0.388710	0.533020	186
interaE	ValidationSet	214.674910	0.354750	0.264410	0.387680	0.537380	187
interaE	ValidationSet	211.007930	0.354750	0.265040	0.388170	0.535530	188
interaE	ValidationSet	210.492070	0.355620	0.265930	0.389220	0.536380	189
interaE	ValidationSet	212.186910	0.354940	0.265950	0.387030	0.534530	190
interaE	ValidationSet	209.393360	0.354140	0.264270	0.387680	0.533300	191
interaE	ValidationSet	211.189790	0.353600	0.263100	0.387770	0.534760	192
interaE	ValidationSet	209.110640	0.353960	0.264870	0.386170	0.535220	193
interaE	ValidationSet	208.357290	0.355690	0.265900	0.389310	0.535470	194
interaE	ValidationSet	206.373570	0.356080	0.266350	0.390220	0.536130	195
interaE	ValidationSet	212.960850	0.354420	0.264300	0.389310	0.534160	196
interaE	ValidationSet	214.608980	0.356000	0.265900	0.390880	0.534900	197
interaE	ValidationSet	210.543200	0.354360	0.265470	0.386680	0.532850	198
interaE	ValidationSet	214.185890	0.353610	0.263760	0.387200	0.534870	199
interaE	ValidationSet	213.438720	0.354360	0.264760	0.386570	0.535810	200
interaE	ValidationSet	211.685940	0.355820	0.266010	0.390130	0.535270	201
interaE	ValidationSet	214.260190	0.355640	0.266810	0.389680	0.533560	202
interaE	ValidationSet	211.928290	0.354420	0.264930	0.388250	0.534390	203
interaE	ValidationSet	217.410070	0.355500	0.266500	0.388910	0.535760	204
interaE	ValidationSet	214.026920	0.355730	0.266380	0.389790	0.535670	205
interaE	ValidationSet	212.481670	0.355270	0.266350	0.387030	0.535670	206
interaE	ValidationSet	213.610890	0.355480	0.265300	0.390330	0.536780	207
interaE	ValidationSet	217.009380	0.355510	0.265750	0.389960	0.536130	208
interaE	ValidationSet	217.420050	0.355630	0.266700	0.388850	0.537300	209
interaE	ValidationSet	213.374940	0.355180	0.265300	0.390050	0.536440	210
interaE	ValidationSet	210.384230	0.355830	0.265580	0.391050	0.538490	211
interaE	ValidationSet	216.563870	0.354680	0.264780	0.387800	0.534700	212
interaE	ValidationSet	213.619500	0.355390	0.266180	0.389790	0.535930	213
interaE	ValidationSet	222.396260	0.355250	0.265270	0.390850	0.535730	214
interaE	ValidationSet	220.359450	0.354370	0.264640	0.388220	0.535300	215
interaE	ValidationSet	216.217390	0.355250	0.264670	0.391420	0.536930	216
interaE	ValidationSet	213.690650	0.356310	0.266180	0.391190	0.536840	217
interaE	ValidationSet	219.160310	0.354370	0.263990	0.390360	0.534700	218
interaE	ValidationSet	220.590480	0.354850	0.265440	0.388620	0.532620	219
interaE	ValidationSet	216.229940	0.355820	0.266270	0.389650	0.534530	220
interaE	ValidationSet	215.387140	0.356380	0.266580	0.390250	0.536900	221
interaE	ValidationSet	224.899230	0.354840	0.264500	0.389680	0.535360	222
interaE	ValidationSet	224.062850	0.354070	0.264300	0.389680	0.533220	223
interaE	ValidationSet	220.062560	0.356620	0.267410	0.390280	0.535270	224
interaE	ValidationSet	221.684430	0.356050	0.266240	0.388960	0.535840	225
interaE	ValidationSet	218.164590	0.356540	0.267180	0.390160	0.537010	226
interaE	ValidationSet	216.730910	0.354090	0.264240	0.388540	0.534530	227
interaE	ValidationSet	213.670830	0.355760	0.266040	0.389930	0.534360	228
interaE	ValidationSet	216.489020	0.355720	0.265500	0.390390	0.536870	229
interaE	ValidationSet	216.208300	0.355530	0.266100	0.388910	0.535930	230
interaE	ValidationSet	222.048730	0.354750	0.265270	0.388910	0.534960	231
interaE	ValidationSet	218.264040	0.355800	0.265300	0.391070	0.536240	232
interaE	ValidationSet	223.780410	0.355620	0.265550	0.391190	0.535790	233
interaE	ValidationSet	214.582810	0.356270	0.266610	0.389280	0.535590	234
interaE	ValidationSet	214.379870	0.356040	0.266470	0.390280	0.536330	235
interaE	ValidationSet	220.412350	0.355770	0.265550	0.390650	0.537180	236
interaE	ValidationSet	224.526150	0.356310	0.266210	0.389910	0.537380	237
interaE	ValidationSet	222.209690	0.355910	0.266010	0.391530	0.535730	238
interaE	ValidationSet	228.836700	0.354630	0.264500	0.388770	0.535020	239
interaE	ValidationSet	219.105930	0.355810	0.266100	0.388960	0.536530	240
interaE	ValidationSet	219.772200	0.355130	0.265270	0.388910	0.536040	241
interaE	ValidationSet	214.016080	0.357870	0.267840	0.392930	0.538410	242
interaE	ValidationSet	222.386170	0.355800	0.265160	0.391560	0.535410	243
interaE	ValidationSet	219.420930	0.355700	0.265550	0.389820	0.536760	244
interaE	ValidationSet	219.499910	0.355260	0.264960	0.389510	0.536440	245
interaE	ValidationSet	221.072340	0.355370	0.263900	0.393010	0.537810	246
interaE	ValidationSet	217.969180	0.356220	0.265840	0.390560	0.537040	247
interaE	ValidationSet	221.173420	0.355120	0.264530	0.390530	0.535760	248
interaE	ValidationSet	222.582690	0.355460	0.265300	0.389160	0.537300	249
interaE	ValidationSet	229.457310	0.355360	0.265610	0.389080	0.536900	250
interaE	ValidationSet	223.680410	0.354950	0.265530	0.386880	0.535590	251
interaE	ValidationSet	221.331050	0.355780	0.264670	0.391160	0.536760	252
interaE	ValidationSet	223.711180	0.353660	0.263560	0.388250	0.535020	253
interaE	ValidationSet	222.328030	0.353970	0.263790	0.387030	0.535530	254
interaE	ValidationSet	221.871090	0.353250	0.263590	0.386570	0.532710	255
interaE	ValidationSet	218.933250	0.354240	0.264530	0.386660	0.534530	256
interaE	ValidationSet	218.102710	0.356400	0.266320	0.390420	0.536500	257
interaE	ValidationSet	219.777160	0.356090	0.266720	0.389080	0.536010	258
interaE	ValidationSet	224.009720	0.355830	0.265470	0.390990	0.536270	259
interaE	ValidationSet	225.779270	0.354800	0.264960	0.388370	0.536530	260
interaE	ValidationSet	221.349270	0.356760	0.266890	0.391250	0.536700	261
interaE	ValidationSet	223.365440	0.355540	0.266440	0.389020	0.534070	262
interaE	ValidationSet	215.913400	0.355410	0.265610	0.389510	0.537840	263
interaE	ValidationSet	221.499140	0.355660	0.266500	0.388820	0.537750	264
interaE	ValidationSet	226.426010	0.355970	0.265950	0.389560	0.537640	265
interaE	ValidationSet	222.507440	0.355720	0.266410	0.388370	0.535640	266
interaE	ValidationSet	221.820420	0.356000	0.266550	0.389910	0.534330	267
interaE	ValidationSet	220.360650	0.355000	0.265180	0.389360	0.535930	268
interaE	ValidationSet	230.267830	0.350850	0.260040	0.385590	0.532490	268
