interaE	ValidationSet	17454.514830	0.007560	0.003960	0.009720	0.013840	0
interaE	ValidationSet	15908.083880	0.009920	0.005110	0.011540	0.016480	1
interaE	ValidationSet	15042.393870	0.009990	0.005270	0.009890	0.019450	2
interaE	ValidationSet	14466.007750	0.006630	0.000000	0.008080	0.017960	3
interaE	ValidationSet	14174.461440	0.009920	0.004120	0.012200	0.018950	4
interaE	ValidationSet	13644.484670	0.010130	0.005110	0.012030	0.016480	5
interaE	ValidationSet	13273.401290	0.007800	0.002800	0.010050	0.014670	6
interaE	ValidationSet	12819.954520	0.011590	0.005600	0.012520	0.022580	7
interaE	ValidationSet	12373.540210	0.009100	0.003460	0.010220	0.017800	8
interaE	ValidationSet	12614.019280	0.013410	0.007750	0.012520	0.024390	9
interaE	ValidationSet	12030.176990	0.018430	0.012360	0.018130	0.029330	10
interaE	ValidationSet	11676.971000	0.015550	0.008240	0.014670	0.029000	11
interaE	ValidationSet	11358.388430	0.015930	0.007250	0.015330	0.031640	12
interaE	ValidationSet	10944.092120	0.019340	0.011210	0.019120	0.034440	13
interaE	ValidationSet	10402.981710	0.020180	0.011210	0.021750	0.036260	14
interaE	ValidationSet	10115.895680	0.022140	0.013020	0.021590	0.039550	15
interaE	ValidationSet	9011.260710	0.022140	0.011700	0.021260	0.040380	16
interaE	ValidationSet	7668.758730	0.026500	0.015000	0.026200	0.047130	17
interaE	ValidationSet	6655.430290	0.032160	0.017800	0.032630	0.055370	18
interaE	ValidationSet	5945.172870	0.044010	0.023900	0.043670	0.080590	19
interaE	ValidationSet	5441.922210	0.071810	0.041530	0.076140	0.128380	20
interaE	ValidationSet	4976.987970	0.101260	0.063780	0.106300	0.173370	21
interaE	ValidationSet	4743.547790	0.129150	0.081740	0.142220	0.219350	22
interaE	ValidationSet	4448.624420	0.158750	0.110420	0.172540	0.250990	23
interaE	ValidationSet	4319.100360	0.178330	0.123760	0.197920	0.283620	24
interaE	ValidationSet	4212.575480	0.198400	0.142220	0.219020	0.304710	25
interaE	ValidationSet	4185.934740	0.218150	0.160180	0.242250	0.327130	26
interaE	ValidationSet	3859.819380	0.236160	0.174520	0.262850	0.353990	27
interaE	ValidationSet	3822.053890	0.248490	0.183920	0.278020	0.373600	28
interaE	ValidationSet	4031.327950	0.261710	0.197260	0.292020	0.388600	29
interaE	ValidationSet	3967.426010	0.270760	0.204020	0.305870	0.395020	30
interaE	ValidationSet	3950.144530	0.284160	0.215230	0.318230	0.416940	31
interaE	ValidationSet	3960.738630	0.294320	0.226430	0.325480	0.425350	32
interaE	ValidationSet	4001.425680	0.302390	0.233680	0.337670	0.433090	33
interaE	ValidationSet	4027.050430	0.307430	0.238300	0.343610	0.438200	34
interaE	ValidationSet	3981.776700	0.313790	0.243740	0.352010	0.444130	35
interaE	ValidationSet	3837.570530	0.320840	0.251650	0.360090	0.448750	36
interaE	ValidationSet	3899.107940	0.326340	0.253960	0.368490	0.456000	37
interaE	ValidationSet	3836.312620	0.331730	0.261370	0.375410	0.457320	38
interaE	ValidationSet	3921.774880	0.337590	0.266970	0.379040	0.467210	39
interaE	ValidationSet	3703.930950	0.342180	0.271420	0.383650	0.469020	40
interaE	ValidationSet	3779.043510	0.344610	0.274880	0.387280	0.472970	41
interaE	ValidationSet	3861.806030	0.352200	0.284280	0.395850	0.471320	42
interaE	ValidationSet	3954.125740	0.350040	0.280490	0.391070	0.473800	43
interaE	ValidationSet	3965.636120	0.359590	0.291360	0.402270	0.480720	44
interaE	ValidationSet	3901.383820	0.363870	0.297460	0.403260	0.481210	45
interaE	ValidationSet	3857.872280	0.366280	0.298450	0.408370	0.482370	46
interaE	ValidationSet	3927.585860	0.366660	0.299270	0.409850	0.483360	47
interaE	ValidationSet	3927.206820	0.378960	0.316080	0.417600	0.487150	48
interaE	ValidationSet	3916.573170	0.377660	0.312130	0.420570	0.487640	49
interaE	ValidationSet	4037.095750	0.378340	0.314270	0.420240	0.486490	50
interaE	ValidationSet	3858.861400	0.387900	0.324650	0.428970	0.494230	51
interaE	ValidationSet	3827.076300	0.392670	0.332560	0.429140	0.497030	52
interaE	ValidationSet	3947.736160	0.393300	0.333550	0.428640	0.498190	53
interaE	ValidationSet	3833.116350	0.398920	0.339980	0.434570	0.498190	54
interaE	ValidationSet	3801.388930	0.400370	0.341960	0.437050	0.496210	55
interaE	ValidationSet	3872.345420	0.405360	0.348550	0.439190	0.503300	56
interaE	ValidationSet	3879.525870	0.406890	0.351020	0.440840	0.501320	57
interaE	ValidationSet	3839.073670	0.410880	0.355310	0.443310	0.505110	58
interaE	ValidationSet	3796.161670	0.409940	0.356300	0.438690	0.502470	59
interaE	ValidationSet	3841.205830	0.417470	0.365850	0.446930	0.504940	60
interaE	ValidationSet	3789.439520	0.417370	0.364540	0.449570	0.504120	61
interaE	ValidationSet	3833.317070	0.417770	0.366510	0.446930	0.506920	62
interaE	ValidationSet	3890.941000	0.419450	0.367830	0.450230	0.504450	63
interaE	ValidationSet	3872.501150	0.421080	0.369480	0.451550	0.509720	64
interaE	ValidationSet	3842.846240	0.424940	0.374920	0.452700	0.509230	65
interaE	ValidationSet	3765.407050	0.427760	0.379700	0.453530	0.512200	66
interaE	ValidationSet	3839.717210	0.427740	0.380030	0.453690	0.509560	67
interaE	ValidationSet	3780.756260	0.428620	0.380190	0.454520	0.511700	68
interaE	ValidationSet	3750.371620	0.431140	0.384150	0.455830	0.513680	69
interaE	ValidationSet	3782.133820	0.431390	0.384640	0.456490	0.510880	70
interaE	ValidationSet	3679.413810	0.435040	0.389910	0.457650	0.515820	71
interaE	ValidationSet	3879.958140	0.435590	0.390570	0.459130	0.514670	72
interaE	ValidationSet	3854.596570	0.434410	0.388600	0.456660	0.514670	73
interaE	ValidationSet	3752.796470	0.436000	0.391230	0.460280	0.513840	74
interaE	ValidationSet	3752.245720	0.436150	0.390240	0.458800	0.517140	75
interaE	ValidationSet	3789.221490	0.438000	0.393540	0.459130	0.516320	76
interaE	ValidationSet	3802.431440	0.439890	0.397000	0.461600	0.517300	77
interaE	ValidationSet	3669.670900	0.437480	0.393050	0.458470	0.517800	78
interaE	ValidationSet	3830.510380	0.438710	0.396340	0.460450	0.516970	79
interaE	ValidationSet	3744.837670	0.436470	0.393380	0.456990	0.515490	80
interaE	ValidationSet	3714.920730	0.443500	0.400630	0.463910	0.520110	81
interaE	ValidationSet	3839.363220	0.438860	0.396010	0.458470	0.518620	82
interaE	ValidationSet	3763.818890	0.441580	0.399970	0.462100	0.518460	83
interaE	ValidationSet	3730.406390	0.441800	0.399470	0.462100	0.519280	84
interaE	ValidationSet	3743.821360	0.443470	0.401290	0.463580	0.522740	85
interaE	ValidationSet	3716.662820	0.443380	0.401290	0.462920	0.522740	86
interaE	ValidationSet	3705.948250	0.446140	0.405740	0.463580	0.523400	87
interaE	ValidationSet	3828.230880	0.448020	0.407550	0.466880	0.523400	88
interaE	ValidationSet	3748.600030	0.447390	0.407050	0.465060	0.519120	89
interaE	ValidationSet	3739.531810	0.446810	0.406560	0.462760	0.521590	90
interaE	ValidationSet	3709.810480	0.449220	0.409530	0.466380	0.520440	91
interaE	ValidationSet	3781.852340	0.448100	0.409850	0.462260	0.522080	92
interaE	ValidationSet	3745.496210	0.448330	0.409850	0.466550	0.518130	93
interaE	ValidationSet	3821.368820	0.449020	0.410840	0.464400	0.519610	94
interaE	ValidationSet	3772.271590	0.448790	0.409690	0.464400	0.520600	95
interaE	ValidationSet	3694.392880	0.449010	0.410020	0.465390	0.520440	96
interaE	ValidationSet	3788.408700	0.446810	0.406390	0.464570	0.522080	97
interaE	ValidationSet	3790.015820	0.450800	0.411340	0.468360	0.523240	98
interaE	ValidationSet	3679.556860	0.449730	0.409850	0.468030	0.521750	99
interaE	ValidationSet	3781.450230	0.451800	0.412330	0.470340	0.523240	100
interaE	ValidationSet	3747.160350	0.450490	0.412330	0.466380	0.522740	101
interaE	ValidationSet	3681.265990	0.451480	0.412000	0.469020	0.525540	102
interaE	ValidationSet	3678.982860	0.454090	0.417440	0.468360	0.521750	103
interaE	ValidationSet	3774.015160	0.453890	0.416780	0.467370	0.525210	104
interaE	ValidationSet	3742.774720	0.454100	0.415620	0.470170	0.523730	105
interaE	ValidationSet	3723.727260	0.451250	0.411010	0.470340	0.526200	106
interaE	ValidationSet	3698.514670	0.454530	0.417110	0.468690	0.525710	107
interaE	ValidationSet	17910.568720	0.002880	0.000160	0.002310	0.009060	0
interaE	ValidationSet	16425.331250	0.005860	0.002140	0.005770	0.012200	1
interaE	ValidationSet	15355.828110	0.007230	0.002470	0.008240	0.013840	2
interaE	ValidationSet	14871.287570	0.008760	0.004610	0.009230	0.015000	3
interaE	ValidationSet	14676.926500	0.007800	0.002800	0.009230	0.017630	4
interaE	ValidationSet	14318.864860	0.009260	0.004450	0.009060	0.017800	5
interaE	ValidationSet	13831.108270	0.010210	0.004780	0.010550	0.021090	6
interaE	ValidationSet	13813.971320	0.009250	0.002970	0.010550	0.018790	7
interaE	ValidationSet	13322.668420	0.010160	0.003460	0.010710	0.021420	8
interaE	ValidationSet	12859.007910	0.014020	0.008730	0.014830	0.022250	9
interaE	ValidationSet	12745.712260	0.016060	0.007910	0.017140	0.029170	10
interaE	ValidationSet	12333.740280	0.014790	0.006100	0.015490	0.030820	11
interaE	ValidationSet	11640.602830	0.019140	0.011210	0.018460	0.031810	12
interaE	ValidationSet	11117.073500	0.021310	0.012360	0.021590	0.036420	13
interaE	ValidationSet	10132.821850	0.022940	0.013680	0.023400	0.040050	14
interaE	ValidationSet	9538.858930	0.022690	0.012030	0.023240	0.041200	15
interaE	ValidationSet	8910.609430	0.024010	0.013680	0.024390	0.042190	16
interaE	ValidationSet	8507.409200	0.020820	0.011540	0.019780	0.036750	17
interaE	ValidationSet	7367.175680	0.026410	0.014500	0.025710	0.048780	18
interaE	ValidationSet	6557.136450	0.033860	0.018790	0.033950	0.062130	19
interaE	ValidationSet	5550.768460	0.047750	0.027360	0.047460	0.084380	20
interaE	ValidationSet	5252.557510	0.068560	0.040210	0.070860	0.120800	21
interaE	ValidationSet	4906.014010	0.094980	0.054550	0.103160	0.172540	22
interaE	ValidationSet	4720.474950	0.126840	0.082070	0.140240	0.215060	23
interaE	ValidationSet	4583.008730	0.157270	0.107120	0.174360	0.253960	24
interaE	ValidationSet	4147.305040	0.196550	0.145020	0.216050	0.291530	25
interaE	ValidationSet	3849.225120	0.222790	0.169080	0.245060	0.320040	26
interaE	ValidationSet	3699.081580	0.251310	0.196610	0.275380	0.351350	27
interaE	ValidationSet	3694.700890	0.271290	0.215560	0.293510	0.378870	28
interaE	ValidationSet	3504.359760	0.289470	0.230060	0.316250	0.404580	29
interaE	ValidationSet	3466.722640	0.304640	0.245550	0.334380	0.417110	30
interaE	ValidationSet	3495.074320	0.316580	0.257420	0.345910	0.427980	31
interaE	ValidationSet	3328.133320	0.333570	0.275050	0.364210	0.439680	32
interaE	ValidationSet	3312.301910	0.337450	0.278020	0.368820	0.447100	33
interaE	ValidationSet	3305.653760	0.344930	0.285430	0.376730	0.453860	34
interaE	ValidationSet	3393.471160	0.352830	0.295320	0.383650	0.456820	35
interaE	ValidationSet	3279.841130	0.360280	0.301580	0.395520	0.462920	36
interaE	ValidationSet	3287.418920	0.362560	0.303230	0.398810	0.464240	37
interaE	ValidationSet	3399.429470	0.364830	0.305210	0.400300	0.470170	38
interaE	ValidationSet	3366.627720	0.371080	0.313120	0.407380	0.472970	39
interaE	ValidationSet	3333.645190	0.378370	0.322350	0.410180	0.475120	40
interaE	ValidationSet	3352.566910	0.382830	0.328110	0.416780	0.478740	41
interaE	ValidationSet	3385.271590	0.382070	0.326630	0.414470	0.479560	42
interaE	ValidationSet	3333.718360	0.390520	0.337670	0.422380	0.482370	43
interaE	ValidationSet	3464.186220	0.392990	0.338990	0.423700	0.484670	44
interaE	ValidationSet	3372.648150	0.395510	0.342290	0.426010	0.486160	45
interaE	ValidationSet	3464.830260	0.397390	0.342950	0.428810	0.488630	46
interaE	ValidationSet	3386.918090	0.399410	0.345910	0.430450	0.493080	47
interaE	ValidationSet	3458.861240	0.404320	0.353990	0.433920	0.493240	48
interaE	ValidationSet	3514.817730	0.405620	0.352500	0.436880	0.495880	49
interaE	ValidationSet	3474.137610	0.408200	0.356620	0.439350	0.497860	50
interaE	ValidationSet	3477.186220	0.413180	0.363710	0.440180	0.500990	51
interaE	ValidationSet	3472.499840	0.415810	0.365360	0.446110	0.498680	52
interaE	ValidationSet	3437.840150	0.412800	0.363550	0.440840	0.497030	53
interaE	ValidationSet	3483.436060	0.417120	0.369310	0.444630	0.497200	54
interaE	ValidationSet	3521.282300	0.416110	0.367500	0.444130	0.500490	55
interaE	ValidationSet	3484.075480	0.421410	0.373930	0.447760	0.500990	56
interaE	ValidationSet	3517.273240	0.419050	0.370800	0.446610	0.499340	57
interaE	ValidationSet	3505.371790	0.424460	0.377550	0.450070	0.502470	58
interaE	ValidationSet	3529.035270	0.425140	0.378870	0.450560	0.503630	59
interaE	ValidationSet	3551.838830	0.426850	0.381340	0.450890	0.502800	60
interaE	ValidationSet	3517.763680	0.427830	0.382500	0.453030	0.504780	61
interaE	ValidationSet	3526.948910	0.428060	0.384150	0.449570	0.503790	62
interaE	ValidationSet	3494.442320	0.431120	0.386290	0.453360	0.509390	63
interaE	ValidationSet	3570.995550	0.431140	0.387110	0.455500	0.509060	64
interaE	ValidationSet	3662.639580	0.434170	0.390080	0.457480	0.511210	65
interaE	ValidationSet	3650.198250	0.437390	0.395190	0.458470	0.511370	66
interaE	ValidationSet	3598.912820	0.434250	0.390900	0.456990	0.508900	67
interaE	ValidationSet	3635.094920	0.435450	0.392880	0.457980	0.508570	68
interaE	ValidationSet	3658.482530	0.435340	0.393540	0.456000	0.510710	69
interaE	ValidationSet	3701.407880	0.436740	0.394200	0.457810	0.508240	70
interaE	ValidationSet	3707.514670	0.436770	0.394200	0.459620	0.513020	71
interaE	ValidationSet	3714.651780	0.439140	0.398150	0.459290	0.510550	72
interaE	ValidationSet	3675.615360	0.440160	0.397820	0.463410	0.511540	73
interaE	ValidationSet	3654.900460	0.440640	0.399970	0.461110	0.509890	74
interaE	ValidationSet	3737.933750	0.441790	0.401780	0.459290	0.514340	75
interaE	ValidationSet	3705.768790	0.441380	0.400630	0.461440	0.512520	76
interaE	ValidationSet	3776.906890	0.442020	0.403430	0.459130	0.512360	77
interaE	ValidationSet	3760.654420	0.440930	0.401290	0.459290	0.513510	78
interaE	ValidationSet	3742.817900	0.443070	0.403430	0.461270	0.515660	79
interaE	ValidationSet	3772.832070	0.444790	0.405410	0.462430	0.514670	80
interaE	ValidationSet	3715.317570	0.445230	0.406560	0.462760	0.514170	81
interaE	ValidationSet	3767.927820	0.443370	0.403590	0.462260	0.514170	82
interaE	ValidationSet	3705.261370	0.444960	0.405410	0.464570	0.516150	83
interaE	ValidationSet	3759.973470	0.444680	0.404250	0.465560	0.514340	84
interaE	ValidationSet	3629.085370	0.448210	0.410680	0.465890	0.513840	85
interaE	ValidationSet	3683.337180	0.445660	0.406560	0.464070	0.516480	86
interaE	ValidationSet	3685.501980	0.447840	0.409530	0.465230	0.519610	87
interaE	ValidationSet	3765.164140	0.446630	0.406890	0.464570	0.518620	88
interaE	ValidationSet	3644.509720	0.447300	0.408870	0.463740	0.517630	89
interaE	ValidationSet	3685.288070	0.446390	0.406560	0.464070	0.515820	90
interaE	ValidationSet	3714.341300	0.450700	0.414960	0.465720	0.516480	91
interaE	ValidationSet	3694.875740	0.452630	0.415950	0.468360	0.519450	92
interaE	ValidationSet	3592.074160	0.451240	0.414470	0.467860	0.517630	93
interaE	ValidationSet	3652.180780	0.451880	0.415460	0.466710	0.515990	94
interaE	ValidationSet	3697.067570	0.452260	0.415130	0.468850	0.518460	95
interaE	ValidationSet	3702.613880	0.454290	0.419080	0.470670	0.518790	96
interaE	ValidationSet	3688.085200	0.452230	0.416120	0.465720	0.518460	97
interaE	ValidationSet	3723.632830	0.450760	0.413650	0.466220	0.520110	98
interaE	ValidationSet	3712.702210	0.454410	0.418260	0.469350	0.520440	99
interaE	ValidationSet	3732.777850	0.450230	0.412820	0.467700	0.514830	100
interaE	ValidationSet	3733.323340	0.452180	0.415460	0.468190	0.517470	101
interaE	ValidationSet	3792.166450	0.452670	0.416450	0.467040	0.517960	102
interaE	ValidationSet	3692.588170	0.454500	0.417270	0.470500	0.520600	103
interaE	ValidationSet	3756.086850	0.454250	0.417770	0.468690	0.520270	104
interaE	ValidationSet	3700.686720	0.455930	0.421720	0.466880	0.520930	105
interaE	ValidationSet	3699.962590	0.453330	0.417440	0.467530	0.516810	106
interaE	ValidationSet	3665.355470	0.456090	0.422050	0.470830	0.519940	107
interaE	ValidationSet	3692.018130	0.455480	0.419740	0.472150	0.518790	108
interaE	ValidationSet	3674.129040	0.455240	0.418590	0.472480	0.522410	109
interaE	ValidationSet	3724.097890	0.455200	0.419910	0.469020	0.520440	110
interaE	ValidationSet	3702.299110	0.457890	0.422380	0.471320	0.524060	111
interaE	ValidationSet	3657.697260	0.455230	0.419080	0.470670	0.520110	112
interaE	ValidationSet	3673.761700	0.456700	0.420240	0.470500	0.523240	113
interaE	ValidationSet	3733.066250	0.456000	0.420400	0.470010	0.525380	114
interaE	ValidationSet	3697.443640	0.458800	0.423700	0.471160	0.522740	115
interaE	ValidationSet	3718.394690	0.457000	0.420900	0.471980	0.526040	116
interaE	ValidationSet	3685.750990	0.456830	0.420400	0.472640	0.522740	117
interaE	ValidationSet	3607.561310	0.457730	0.421060	0.472150	0.525210	118
interaE	ValidationSet	3623.583060	0.457380	0.422210	0.471820	0.525210	119
interaE	ValidationSet	3701.593280	0.457350	0.421560	0.473470	0.522410	120
interaE	ValidationSet	3645.517960	0.456460	0.419740	0.471980	0.523900	121
interaE	ValidationSet	3642.858110	0.457950	0.421390	0.472640	0.522250	122
interaE	ValidationSet	3636.279990	0.458900	0.422870	0.474290	0.525050	123
interaE	ValidationSet	3633.999840	0.459400	0.425180	0.472480	0.525050	124
interaE	ValidationSet	3596.813610	0.457670	0.422210	0.471160	0.523070	125
interaE	ValidationSet	3616.360420	0.458150	0.421890	0.474460	0.523400	126
interaE	ValidationSet	3620.167440	0.458650	0.422050	0.475610	0.524720	127
interaE	ValidationSet	3654.764670	0.460590	0.424190	0.476430	0.524060	128
interaE	ValidationSet	3585.196610	0.459770	0.423200	0.477260	0.526860	129
interaE	ValidationSet	3599.086350	0.461850	0.426660	0.476600	0.525870	130
interaE	ValidationSet	3616.162000	0.461670	0.426010	0.477090	0.527190	131
interaE	ValidationSet	3564.717530	0.460590	0.423200	0.478250	0.527520	132
interaE	ValidationSet	3564.539880	0.461930	0.424030	0.481710	0.528680	133
interaE	ValidationSet	3622.872940	0.462510	0.426170	0.478080	0.529000	134
interaE	ValidationSet	3573.235830	0.460330	0.423860	0.476100	0.525050	135
interaE	ValidationSet	3516.031970	0.460200	0.423040	0.475280	0.528840	136
interaE	ValidationSet	3655.453030	0.460830	0.425840	0.475280	0.528180	137
interaE	ValidationSet	3534.657710	0.461750	0.425020	0.476100	0.529500	138
interaE	ValidationSet	3628.373760	0.462660	0.426830	0.478080	0.527190	139
interaE	ValidationSet	3640.972970	0.463830	0.427980	0.480390	0.526530	140
interaE	ValidationSet	3651.044500	0.460240	0.422710	0.478250	0.525710	141
interaE	ValidationSet	3646.962590	0.461150	0.425020	0.476430	0.524060	142
interaE	ValidationSet	3590.987800	0.462730	0.426830	0.476930	0.527850	143
interaE	ValidationSet	3478.948090	0.461590	0.424520	0.478080	0.529830	144
interaE	ValidationSet	3549.288730	0.461960	0.426830	0.476600	0.527520	145
interaE	ValidationSet	3623.655080	0.460450	0.424030	0.475440	0.526370	146
interaE	ValidationSet	3629.860420	0.460450	0.424520	0.473960	0.527030	147
interaE	ValidationSet	3608.882000	0.460910	0.424690	0.475610	0.527030	148
interaE	ValidationSet	3604.802240	0.463290	0.427160	0.480720	0.525210	149
interaE	ValidationSet	3661.184080	0.462940	0.426330	0.479560	0.527850	150
interaE	ValidationSet	3594.833880	0.464200	0.429800	0.478910	0.527190	151
interaE	ValidationSet	3507.153760	0.463470	0.428810	0.476930	0.530160	152
interaE	ValidationSet	3498.653260	0.463480	0.428150	0.476430	0.529830	153
interaE	ValidationSet	3579.318720	0.462800	0.427160	0.476270	0.529660	154
interaE	ValidationSet	3583.417270	0.463670	0.428970	0.478910	0.528680	155
interaE	ValidationSet	3567.341130	0.464360	0.429470	0.478580	0.530980	156
interaE	ValidationSet	3576.428970	0.462350	0.427160	0.474790	0.531640	157
interaE	ValidationSet	3607.350530	0.463430	0.428480	0.477920	0.526530	158
interaE	ValidationSet	3580.088170	0.463450	0.428480	0.477420	0.530320	159
interaE	ValidationSet	3633.465720	0.464640	0.430130	0.478250	0.529170	160
interaE	ValidationSet	3587.589320	0.462730	0.426990	0.478410	0.528510	161
interaE	ValidationSet	3637.195120	0.464310	0.429630	0.478080	0.527360	162
interaE	ValidationSet	3560.978080	0.462970	0.427820	0.477260	0.528020	163
interaE	ValidationSet	3516.878050	0.463940	0.429140	0.476600	0.529500	164
interaE	ValidationSet	3630.646340	0.463920	0.428310	0.477090	0.529660	165
interaE	ValidationSet	3534.612720	0.464860	0.430780	0.478580	0.529830	166
interaE	ValidationSet	3506.311800	0.465700	0.430950	0.478910	0.530320	167
interaE	ValidationSet	3497.044500	0.465140	0.430620	0.477260	0.527690	168
interaE	ValidationSet	3569.770270	0.463810	0.429300	0.478250	0.527190	169
interaE	ValidationSet	3539.977260	0.465180	0.431110	0.478080	0.530650	170
interaE	ValidationSet	3559.325310	0.466070	0.430620	0.480880	0.531640	171
interaE	ValidationSet	3537.627880	0.465210	0.430950	0.476600	0.528840	172
interaE	ValidationSet	3557.781640	0.467670	0.433920	0.480060	0.531480	173
interaE	ValidationSet	3565.169910	0.466810	0.433090	0.478080	0.530320	174
interaE	ValidationSet	3591.694460	0.467180	0.433750	0.477920	0.530820	175
interaE	ValidationSet	3547.393380	0.465970	0.432760	0.479070	0.527690	176
interaE	ValidationSet	3600.641230	0.465360	0.430290	0.481050	0.530160	177
interaE	ValidationSet	3556.191500	0.464760	0.430620	0.478410	0.527360	178
interaE	ValidationSet	3609.961270	0.466010	0.431440	0.480720	0.531150	179
interaE	ValidationSet	3510.816740	0.469100	0.435730	0.481710	0.530980	180
interaE	ValidationSet	3634.240280	0.469240	0.436880	0.479890	0.528510	181
interaE	ValidationSet	3602.367500	0.467370	0.432930	0.479240	0.532470	182
interaE	ValidationSet	3595.617830	0.465990	0.432270	0.478250	0.530490	183
interaE	ValidationSet	3589.461600	0.466670	0.431940	0.479730	0.530820	184
interaE	ValidationSet	3589.128870	0.466170	0.430620	0.481210	0.529660	185
interaE	ValidationSet	3592.381020	0.466980	0.432270	0.480550	0.530320	186
interaE	ValidationSet	3558.326960	0.466800	0.433260	0.481540	0.528680	187
interaE	ValidationSet	3562.919910	0.466630	0.433090	0.479240	0.531150	188
interaE	ValidationSet	3513.576470	0.464110	0.428970	0.477260	0.528020	189
interaE	ValidationSet	3568.104650	0.467880	0.433920	0.481710	0.530320	190
interaE	ValidationSet	3495.053720	0.467650	0.433920	0.479400	0.532300	191
interaE	ValidationSet	3524.567400	0.467100	0.432430	0.482700	0.531970	192
interaE	ValidationSet	3585.394200	0.467900	0.432600	0.482370	0.533290	193
interaE	ValidationSet	3597.229730	0.468380	0.434080	0.482370	0.529990	194
interaE	ValidationSet	3520.408210	0.466050	0.432270	0.476760	0.531640	195
interaE	ValidationSet	3463.463580	0.468270	0.435400	0.480550	0.531810	196
interaE	ValidationSet	3533.812790	0.468880	0.435560	0.480880	0.532960	197
interaE	ValidationSet	3581.368160	0.465450	0.430950	0.478250	0.531310	198
interaE	ValidationSet	3598.501980	0.464960	0.430130	0.477260	0.532960	199
interaE	ValidationSet	3605.944790	0.467410	0.433590	0.479400	0.535270	200
interaE	ValidationSet	3591.610580	0.466230	0.431610	0.478580	0.529170	201
interaE	ValidationSet	3553.321850	0.466630	0.431440	0.481710	0.532630	202
interaE	ValidationSet	3551.667600	0.468410	0.433750	0.482530	0.531310	203
interaE	ValidationSet	3533.897990	0.465860	0.430950	0.480060	0.528840	204
interaE	ValidationSet	3523.182270	0.467680	0.433590	0.483360	0.530820	205
interaE	ValidationSet	3594.442980	0.467170	0.431440	0.482860	0.533290	206
interaE	ValidationSet	3514.430620	0.467550	0.431280	0.483030	0.535100	207
interaE	ValidationSet	3723.551690	0.465050	0.428530	0.481490	0.529200	207
